16011100
16867100
13702400
15662500
16782300
14194800
26067800
4225000
573200
147100
180400
49300
54200
70100
57700
76900
90500
96600
98900
126700
55500
82900
154200
71000
59200
159700
52300
59400
65200
110000
54000
49800
47500
62700
89200
93100
132400
54500
50400
49200
56800
78600
54300
49700
68000
47500
69000
135600
139300
205300
64400
144700
78400
99000
77400
103900
121700
48500
51200
48600
49900
74900
56900
52400
50700
53500
74200
178800
48800
99600
48600
50000
74400
55100
53800
64400
52100
56600
47000
68100
49600
65200
48800
88700
58600
140300
77100
69900
114300
83900
85400
52900
75000
51800
53200
49600
48000
51100
67800
60500
51300
100000
49200
59800
204900
56300
