15900
43500
20800
20800
39000
20800
20700
20500
20400
20900
20500
20500
20600
20700
20900
20800
20500
17700
20800
20800
17200
34600
20900
20900
20900
20700
17700
21100
20600
20900
20600
20300
20900
20600
20700
20700
31600
20800
20500
20700
20900
20600
20900
20800
20000
21500
18500
18100
17300
17600
17500
17400
43100
17200
21800
19300
18500
18500
18700
42500
17700
33700
19800
20900
21000
20900
17600
17500
17400
41400
16700
16800
16700
30300
16600
16600
16600
28400
16600
16600
29400
20100
17300
35200
21400
17700
20300
20300
20900
20400
20200
20100
18400
19700
19400
18300
18000
17500
18200
20800
30800
21500
21000
21100
20600
21000
20800
19100
21000
21000
20800
36600
20800
20500
40900
44800
17200
21300
21000
17500
20900
21200
21000
20600
36900
21200
20900
19500
20400
20900
21100
19400
16500
20900
35500
20400
20900
20800
21000
33700
33100
21000
20700
21400
21300
21400
20900
17600
17400
18000
18000
18000
17900
17600
20700
20300
20500
20100
18200
18700
17800
17700
17500
21700
32500
21100
19400
21100
20900
20900
23000
20700
20900
21100
20900
21000
20900
20900
20800
21400
34900
20900
21200
21300
21000
20900
21000
20600
20700
20500
20900
20500
21000
21100
34700
20900
16300
20800
20800
20900
20900
20900
20900
35500
21200
20900
21200
128700
18000
18000
18100
19600
36500
21100
21100
17300
16800
37500
16800
16800
16700
29400
16700
16700
16800
29300
16700
16700
19600
35600
16800
16900
16800
36000
16800
16800
16700
19800
31000
16800
18800
38500
21400
20700
16300
20800
20700
36500
20700
17500
21100
21200
21400
21600
21000
20800
20700
20800
20500
21100
37600
21000
20800
21000
20900
21200
15900
31000
17300
19600
21400
20900
20800
20200
21400
20500
18200
19600
21200
20300
31200
16800
16900
17000
29500
16900
16900
17000
29800
16800
16900
16800
17400
29100
16900
16800
16800
28400
17200
17000
17200
17200
32400
20200
17400
17000
17000
17400
17500
17200
36600
32800
18200
53400
18500
18300
17700
39800
19800
18000
35800
17200
17000
17100
17500
38800
17100
17100
17000
17100
17100
17100
17000
17000
29900
17100
21700
17900
20700
21100
23300
21200
21200
21700
25500
21500
21200
21500
18300
21300
21400
21500
21700
21700
21300
21500
17900
21300
21800
21600
21700
21500
21700
21600
18000
20900
19200
31300
20600
20000
21300
17100
17500
17200
37900
17200
17200
17000
17200
30800
17100
17200
17100
17000
17200
17000
17300
16900
29400
17200
17200
29300
17000
17100
17000
30000
17200
17200
17000
17200
29800
17100
17100
17000
29800
17100
17000
17100
30200
17000
17100
17100
29900
17000
26600
17200
17100
17000
32200
17000
17100
17100
30800
17100
17200
17100
17000
17100
17000
17100
18200
20000
40600
20600
21300
18200
17700
20000
60100
19500
21200
20300
17700
17000
16600
31900
16900
16600
20700
29100
16900
16900
16700
30500
17000
16900
16900
29800
17000
17000
16900
29800
16900
16900
16900
27500
16900
17000
16700
38600
17000
16900
16900
17800
35400
16900
16900
17000
51000
20500
20100
17200
16600
17500
16700
16500
18300
37800
17500
17600
16800
17400
17500
17400
18000
16900
16900
36700
32700
17000
16800
17000
33600
16900
17000
17000
17000
16900
17000
16800
30600
17000
17000
19300
20800
17000
33100
17000
17000
16900
30800
16700
17000
17000
30900
16900
17100
17000
30400
16800
17000
17000
28800
17000
17100
17000
30000
17000
16800
16900
30000
16900
18200
18100
22000
20600
46000
18000
18000
61900
19800
20300
20400
19400
59300
28900
34400
30700
18100
37800
33100
19500
41400
59200
42800
17000
21000
16900
31600
17000
17000
16800
31200
16800
16900
16900
30400
16900
16900
29800
16400
20500
20700
20500
20500
32300
21000
17100
35500
16900
18800
16800
17100
31400
92300
17700
31100
17500
16900
16900
34000
16800
16900
16900
30200
16600
16900
16900
29700
16800
19800
16800
16600
31400
16800
16900
16900
30200
20800
16900
16900
16900
34400
16600
16800
16800
32900
16900
16700
16900
31800
16900
17000
17000
30400
16800
16900
16900
30200
16900
16900
16900
30100
16800
16700
16900
30800
16800
16900
16800
30300
16700
17000
16900
30600
16800
17000
16900
34600
49500
19400
17300
47300
35600
21100
37500
20400
17500
20800
20300
20400
20200
20200
20200
20100
17500
16400
20300
20300
20200
20500
20200
34500
20600
20200
20600
20400
20100
20100
20300
20300
31000
16600
20200
20200
34200
44400
16800
16900
17700
33500
16800
16800
17000
30300
16800
17000
16800
33500
16900
17000
16800
32600
16900
16800
16800
31200
17000
16800
16900
30100
16800
17000
17500
21600
18600
20400
20300
19500
20500
19400
40500
19900
20300
20600
16600
16800
32500
16600
16900
17600
16700
33900
16700
16700
16600
30900
16700
16700
31900
16800
16800
16600
32900
17000
17000
17500
16700
19300
33700
17000
16900
29600
17200
17100
20300
39400
17100
17000
17100
17000
34600
30600
16900
35100
17000
18500
34200
16200
19500
18600
18800
20900
38400
16900
17000
26600
17000
29300
17100
17300
17200
31300
17100
19100
17200
17100
17000
53700
21100
20800
21200
21300
21200
16400
20800
17600
17500
17500
17400
17600
17400
31900
18900
17600
17500
19700
28200
16900
16900
17500
16900
16900
16900
16900
16900
16800
16800
29200
16800
16900
16800
50900
16800
21000
21100
18900
47900
17500
21100
20000
20700
39300
17800
32900
17500
19700
31500
16800
21000
21100
20900
16400
18600
21100
18400
20900
18100
20900
21000
20800
21200
21000
20900
21200
56700
16700
16700
16700
20800
20700
21000
20900
21000
20900
20900
20900
20900
20900
20900
20900
20900
20800
20900
31500
21000
20900
20900
20900
50500
18700
17600
17600
28700
19600
21100
21100
38300
17900
19500
16500
21200
21300
21100
21200
21200
20800
21100
21100
21200
21100
21200
21100
21300
21100
21100
16600
21200
21300
21100
34300
20900
21100
21200
21200
21300
21100
21100
21200
21100
21100
21200
17200
20800
21200
21100
17400
17500
34600
20900
17300
21000
21200
20900
19700
18000
20100
20000
16500
21000
20900
38400
74000
20800
18500
16900
18000
47100
17300
20500
20100
20100
20700
41000
17600
20800
21300
20600
38200
20200
20800
21400
20900
21200
21300
21100
21300
21100
21100
21200
36400
21200
21000
21000
21200
20900
21300
21200
21000
21200
21100
21100
35800
16800
20700
20900
32000
20800
28100
17100
47600
21100
21000
20900
21000
21000
20900
37900
28800
30900
20500
45300
48000
17100
16900
16900
34900
16900
16200
15800
29800
15800
28200
15800
15900
28600
15800
28600
31500
17100
17100
33900
17100
17100
17100
32300
17100
17100
17100
17600
17800
16900
35600
16000
33000
35400
20600
30900
15800
15800
67300
15800
27100
15800
15800
27200
15700
27500
15900
15800
45400
17200
17200
32500
17100
17100
62900
36800
50100
57800
17300
40800
17200
17200
17200
31400
34000
30700
17200
17100
17100
17000
29700
17100
16900
20200
16800
31500
15800
16000
28900
15800
31200
33100
17100
17000
17100
16400
30800
15900
17200
30900
15800
15900
17500
27900
15800
27600
49500
16000
29600
15800
17600
36700
16900
16100
30700
15900
15800
27900
15700
27000
15800
16300
33900
17200
17000
18700
21700
18000
18000
18000
17800
57700
18000
17800
17700
18800
17600
18200
34400
50100
20200
16900
16000
31700
15900
15900
18400
17700
17600
22100
17500
17500
17500
35000
18800
34700
19700
19300
17800
21600
31400
17500
38200
15900
17300
20500
33000
15900
18200
33800
17600
17400
17000
36000
15900
19700
26400
17100
17100
17000
36000
17200
17100
17100
33500
17100
17600
20200
16800
21000
20900
21100
21100
20700
21100
20600
20900
21100
21000
21000
21100
20600
16400
32500
17100
17000
17100
34500
17100
17100
20700
17300
17100
17100
16900
17100
17100
17000
19400
17200
29500
17100
17000
17000
32800
17000
17100
17400
17000
33300
31800
34000
18500
44400
17800
18100
17700
18100
18000
17600
17900
45300
20300
24700
17800
20900
32700
17400
20900
21600
16400
21300
21200
21100
21100
21200
21200
21200
21000
21100
21300
21100
17600
21500
29900
21100
17300
18300
17300
19700
18000
16800
21000
21000
21000
20900
20900
20800
21100
21200
37000
21000
16400
21100
20900
3067300
18100
27800
17100
20500
19500
21000
20900
17400
17300
32800
17100
17100
17500
17000
41700
21400
21200
21200
17600
21100
21200
21300
21200
21200
21300
21100
21300
21200
36200
21200
21000
20900
21300
21200
20900
21200
21200
21200
19300
21100
21100
21100
21200
21100
16500
36300
22700
19400
19400
38100
61100
18100
48400
34800
35600
19400
17700
17000
17100
17100
51600
19600
20900
21100
21000
20900
21100
20900
21200
20900
20900
20700
20900
20900
20900
21000
32400
20900
21000
20900
17800
19800
21300
22300
21200
21200
21100
21200
20800
21100
21000
21200
16400
21100
21400
36900
21300
21200
21100
21100
21200
21100
21100
21200
21100
21000
21100
21200
20100
18200
20900
20500
32500
17100
17200
17000
17000
29700
50800
17300
17200
17100
35900
17100
17500
17100
17200
32400
17000
17000
17100
34300
17100
17100
21000
18400
17400
18000
21100
17200
34000
21200
17100
20800
21000
21000
22400
20900
21000
21000
21000
21000
21000
20900
20700
21200
37000
20900
17600
20800
21000
20800
21400
20900
21000
21000
21000
17600
21000
20900
21100
32100
17600
19900
20000
31800
21100
17700
20300
21200
21200
21300
21200
21200
21000
19700
38000
21500
19500
21000
21200
19700
20200
18500
34600
18000
19300
19000
18000
18200
18100
17700
20900
20800
16400
20600
20700
21100
16600
21000
20600
21000
21000
20900
20700
21100
20800
20500
35300
21000
16500
20600
21000
20900
21000
21000
20500
34700
21000
21000
21000
21000
19200
20700
20700
21000
32700
20900
21000
21000
21100
20900
21000
17600
17600
18700
17400
18600
17000
36900
17000
17100
34200
19400
17300
17200
17100
32800
17200
17200
17100
31500
17100
17100
49000
17400
30500
17100
17100
17100
31300
17200
17200
17000
30000
20400
17100
17200
17200
30100
17100
17300
17200
17000
17000
17100
17200
17300
30800
17000
17100
17100
17600
20900
21300
20900
21200
20800
21300
21300
16300
21200
21100
21200
21100
21200
21200
21100
17900
17400
20900
37000
17500
17700
18000
53900
18500
17800
34600
89400
62700
64700
30700
17600
19600
18100
17700
17500
19800
23600
21000
21100
32000
21700
21200
21100
21200
22700
21200
21200
21200
21100
21000
21000
21100
21200
21100
21100
16600
21200
21200
21100
16800
20800
21100
21300
17400
21200
20800
20900
21200
21300
18200
17600
17300
17000
17100
17000
20100
19800
17100
17100
17100
32900
17200
17000
20200
17800
17200
43900
19600
31700
17500
21000
20800
21100
20900
21200
21100
21100
30200
17500
18100
20600
21000
34200
36800
29400
17000
17200
30600
17200
17300
17100
17200
17100
17000
17000
30300
17100
17000
18800
18200
18300
17300
21000
17500
25900
20900
20500
20400
30300
38700
33900
17800
17100
17200
36600
17100
17000
19800
19100
20900
29300
20400
37600
16800
21000
16900
30700
17100
32100
17200
17100
17100
17100
17000
17100
17000
29700
17100
17100
17100
29400
20100
17000
17100
16900
31700
17000
17000
17100
23000
31100
17100
17000
17100
30500
17100
17000
17100
20200
17900
18200
41500
21300
20500
17200
17200
17100
78800
17100
17000
17000
258800
20500
27900
33500
17700
41000
17500
17800
20700
53600
32400
17600
34300
21100
20100
21400
17700
16800
16900
38200
19800
19800
16800
16800
16800
35600
17000
16800
16900
30500
16800
16700
28300
17100
17100
17200
29100
17300
17000
17000
17100
20600
37100
17600
18600
18900
80400
20400
21300
20300
17400
17100
37900
17100
28500
16800
29500
16800
17000
17000
31100
16900
16800
16900
29500
16900
38200
21300
20200
20200
20200
17100
18000
23400
21500
19300
17800
19700
17500
28900
38700
17200
17100
16900
17100
30700
17100
17100
17100
31100
17100
17000
17200
17000
17000
18200
17000
17200
31100
19000
17100
17100
17100
30800
16900
17100
17100
30900
18300
18100
56300
31300
20100
20500
20700
21100
58600
31800
17600
21200
19200
20400
18000
17900
18000
17500
20800
21000
21100
21300
21300
20800
17400
21000
21000
21000
36500
20800
21400
20400
21100
21200
21100
20300
21100
21100
21100
21100
20900
21200
21300
21300
32100
21200
21100
21100
19500
20400
20500
30300
20600
20700
20500
35500
20700
20400
20400
66800
20000
17700
17300
17100
17200
17100
18300
18000
20300
21000
17300
26900
21000
21200
19300
17600
17200
17000
38000
17100
17200
17100
17100
33200
17200
17300
17100
39500
18000
35600
20000
18600
16200
20900
20600
20500
20400
20400
20300
33200
33100
21900
18100
20300
18200
66400
19800
20900
20900
20100
18700
20900
17800
38600
17300
17000
17100
17000
17200
17000
17100
30700
17100
17100
17100
31200
17100
17000
17100
17000
31200
17000
17100
17100
30000
17100
17100
17100
29300
17100
17100
17100
19900
31100
17100
17000
20200
16900
17000
16900
32600
17000
17100
16900
18900
31500
16500
17100
16800
31100
16900
16900
16900
30600
16900
16800
16900
19600
32100
16900
17000
16900
30700
17000
16900
33900
51100
18400
17600
17700
17400
44300
17600
20300
20500
29500
18300
18100
21700
17200
17100
33200
17000
17100
17300
30300
17100
17100
17000
29800
17100
17100
17200
17400
30800
17000
17000
30100
17100
17100
17000
29600
17100
17000
17100
17600
17000
17000
17100
70900
17900
30700
17100
17000
17100
32500
17100
17000
17100
17300
19800
18300
41500
32400
16800
16800
30900
16900
17100
16700
31300
17100
17100
17000
30600
16900
17000
16800
30100
16900
16900
31200
17500
20600
20800
21200
21000
21200
21200
21300
20900
21300
21200
36200
21200
21200
21200
20900
16400
21200
21200
17500
20900
21100
20900
19400
21100
21000
21200
43200
17700
18100
20900
21300
16300
37600
22700
20800
21100
21200
21000
35600
53200
31800
20300
20000
47600
20800
52900
32000
17600
17500
20900
20700
19800
18700
17700
31800
17100
17400
20900
31700
17200
17000
21400
17100
30200
17200
18000
17200
30000
17100
17300
17100
17100
29500
17100
21200
20900
21100
24800
21100
17700
20900
24500
21200
21000
21200
20900
16900
37300
16900
17000
16800
30900
16900
16900
19900
17900
19900
24900
26600
18900
18000
16700
34400
17700
33800
17200
18100
17200
17100
17100
20200
17100
17100
17100
38200
20200
20100
17100
17300
17000
17000
17100
17100
17200
17000
29900
17000
17200
17000
30100
17100
17100
17200
30200
17100
17100
17000
29100
17000
19100
17000
17000
30200
19100
17200
17200
17100
31700
17000
16900
17100
32700
17200
17000
17000
16900
29900
17000
17300
17100
17900
61900
23300
20300
20500
20900
20600
20900
20700
20600
19500
20500
18600
19300
18100
33300
34200
18500
17100
17100
17100
33900
17100
17100
17200
29500
17100
17000
17000
29700
20100
17200
17100
17200
32000
17000
17000
17100
17100
30500
17100
17000
17100
29800
17100
17100
20100
28300
17000
20000
17000
17000
32400
17300
17100
29000
20100
17100
20400
20200
20500
20400
20300
33300
20200
20300
20300
20100
20500
20500
20400
20000
20400
33700
20600
19000
21100
20300
20400
16200
32300
20600
20700
19000
20300
20500
20500
46700
19700
20800
20600
20300
33700
20700
20600
16300
21100
20900
20800
21100
21000
34000
20900
21000
21200
20600
20700
20200
21000
20900
21000
32700
20500
20400
20700
17500
21900
49300
17800
17400
19900
33800
17100
17300
21500
17200
34200
17200
20900
17000
17100
17100
31300
17100
17100
30400
17600
17200
17200
17200
30400
17000
17100
17000
30000
17100
17000
17100
17200
31700
17100
17100
17100
21100
31000
17100
17200
20200
17100
29600
17100
17100
17200
30600
17100
32600
16900
16800
33600
16800
16800
16900
33400
16900
16900
16800
31000
16900
16900
16800
30200
17800
46300
18900
18000
18100
17000
16800
31400
16700
16700
17600
16800
32100
16700
16700
16700
28500
16800
16700
16900
16700
16700
16900
33000
18500
17100
17600
16700
30400
17000
17100
18800
17600
17400
17500
17400
17500
17500
17500
45800
17800
17900
17600
17500
31600
17100
17000
17700
17400
17600
37800
17600
17100
17200
19300
17500
40100
17600
17600
17200
17400
17300
17500
35600
16900
19400
17300
17300
17000
35400
17300
17400
17200
21100
18900
17500
35100
17300
17400
17500
17000
19300
32500
17300
17200
17000
17100
33700
17000
16900
17500
17300
17000
33600
17000
17200
17100
32600
17000
17000
17000
20300
17400
21300
29400
41000
19000
23700
45500
17200
22100
17400
49400
19300
33900
17600
17900
17100
17200
28800
17100
17000
17500
17100
30600
17000
17000
17200
21800
31100
17200
17300
21200
17400
19300
17500
36400
17500
17500
19300
22200
17300
17000
30500
17300
17300
17400
17500
38600
17400
37800
17300
17800
17300
17500
17300
39500
17000
17100
17000
112000
20300
19100
19500
21300
21000
21000
20800
21000
20900
30400
21000
20900
36800
33200
20900
21100
20900
17800
20900
21300
17800
17200
17000
17100
34500
17600
17000
17100
17100
32400
17000
17000
17100
28700
17100
17100
17200
29900
17200
17000
17300
17600
17600
33200
17400
17500
17100
17100
30200
17100
17500
17500
17500
19500
17300
34500
17400
18200
19000
17900
20800
17700
17600
17500
17400
43800
19300
21300
21100
33900
21300
21300
21300
16400
21400
21000
21200
21200
21100
21100
21100
21300
34800
21300
21200
21200
21100
21000
21300
16400
21300
20900
21200
35800
17600
16900
16700
31700
16700
16700
16700
20000
31100
16700
16700
16700
16800
16800
16800
17800
29500
16800
16900
21000
28400
16700
16800
16700
29100
16600
16800
19500
29800
18100
21400
18200
20300
20600
18500
20100
20400
20000
20300
20500
19400
17900
18000
32100
18200
17700
19600
22800
20800
20800
20700
20900
21100
21300
21100
21300
17700
20400
21300
40800
20800
21100
21100
21100
20900
21200
20900
20900
21100
21100
21100
21100
19200
21200
20800
33100
21200
20900
21100
18600
20900
21300
20800
21200
20800
20900
21200
21100
18400
18100
17800
36200
16900
16700
37100
16700
16800
44800
16900
29200
16700
16800
16600
16700
16700
16700
28800
16800
17000
42400
21100
21200
21400
21000
21100
21300
21200
21300
21200
21300
21100
21200
21200
41300
20800
21300
21300
20800
21200
21200
21200
21300
21100
20800
21200
21200
21200
21300
21200
35300
50000
17500
20300
20100
20800
21100
21200
21100
21900
19900
19300
19200
19500
19800
18300
18100
17900
17800
19700
20200
16800
16700
16800
30900
17000
16800
16700
29500
16700
16700
16800
20300
16800
16700
16800
30600
16700
16700
16600
32400
16700
16700
16900
32600
16900
16900
16600
17500
33400
19900
17000
17100
16800
34400
17000
17100
16900
34000
16700
16700
19300
17900
48700
17800
17800
19600
21100
20800
21200
43000
19800
21100
21000
21100
21200
21000
21100
20900
21100
16300
21200
21300
21100
21100
38800
21300
21200
21000
20800
21300
21400
21200
21100
21100
21100
31500
17700
19800
21100
21300
20800
21000
21200
21200
21200
19300
21100
20800
29000
20800
17900
17700
16900
16700
20400
30400
16700
16700
16600
28700
16700
16800
16700
35000
23500
20500
18400
20700
27600
20500
44400
22300
18400
31700
17700
36500
17300
17100
17200
31900
17000
17000
17200
17700
32800
17200
17400
17700
17400
17400
33700
17300
19200
17400
17400
17300
33200
17500
17500
17600
17500
20400
34200
17300
17200
17500
17400
17600
34800
20200
19300
17500
17400
21100
18300
18200
17400
17500
39100
17300
31200
16500
15800
31200
15800
15800
28600
15800
27300
15900
15800
33800
15900
15800
28800
16400
16500
29100
16500
16500
16300
16500
16300
16400
16700
16800
17000
17600
39400
16800
16900
16700
18900
31900
16700
16800
16800
29500
16800
16800
16800
31400
15900
18500
17100
30900
15800
15800
29500
16400
16500
29500
18100
17900
17700
17600
16900
16600
34600
20400
16700
15900
17200
17000
33800
17000
16700
16900
34200
16800
16800
16900
30000
17300
16900
17600
16900
20700
16900
30200
16800
16900
16900
28400
17000
16900
16800
31400
17100
17200
20400
17500
17300
17100
17200
17100
17200
16900
17100
17100
33400
16800
20600
17000
16800
36100
16900
17400
16800
20000
33700
16900
16900
20000
16900
32300
16900
17100
33200
19900
19300
19700
78000
19000
43000
43800
18100
19600
21200
39900
17300
20500
16900
16900
32600
20300
16700
16800
16700
31800
16900
16800
16800
29800
18000
29900
16100
17100
29000
15800
15800
31700
15800
15700
27700
16600
15900
28700
15900
28400
17900
32800
16800
18200
18400
17800
33500
41400
17000
17000
16800
17600
17900
16800
16800
16800
21100
19900
20000
39500
21600
19200
17700
17600
17500
17500
19200
21100
18200
20100
17800
19600
17900
20100
20000
20200
37800
21200
17700
17700
17700
17400
17500
17700
16900
16800
16800
16600
16600
29700
16800
17700
18200
21400
18900
18000
20100
20100
20100
43100
19500
20200
19900
19700
18400
18000
17700
18000
18100
19100
20900
20700
17100
17200
17200
17300
17200
17200
17100
17100
17100
17100
17200
17100
17000
17200
17200
17100
17100
18900
17100
16400
20900
20800
20400
37800
21100
20500
20500
20800
20900
16600
30300
16100
16800
29900
16700
19400
17700
18900
16900
16800
31800
20200
16800
16800
16800
49700
21200
20700
20700
19500
20400
16300
33300
20800
20800
20500
20500
36900
20900
21000
20600
16800
16900
35400
16800
16900
16800
17600
30900
16800
16900
16800
16900
30600
16700
16700
16900
29600
16800
16800
16800
17000
33900
17500
17300
17300
17200
19100
17300
17200
34000
17300
19000
17300
16800
17400
16900
18000
18400
17300
19900
18800
16600
41600
18800
17000
17500
20300
34500
20400
20300
20200
20400
20300
21200
32100
20400
20600
20800
20200
20300
20000
20100
20300
20300
34000
20600
20400
20300
20200
20600
31500
20500
20500
17900
21000
20700
36900
20400
20300
20300
20200
20300
33000
20300
20400
20900
16200
20800
28800
20700
20700
21000
31200
20300
20200
20600
20300
21000
20600
20500
33500
22800
21400
19200
21000
18500
17900
17500
17700
20000
20900
20500
35000
20700
20400
33400
20300
21000
16300
20300
38100
20700
20500
20300
45200
20300
20400
20500
20400
20500
20700
32200
20600
17600
16600
20300
19800
20300
20500
19700
20200
35100
20200
20300
20500
20200
20300
20200
20500
17000
19900
19900
18500
40400
16800
16800
17000
17000
33700
16800
30900
16900
16900
16900
32000
16800
16800
16900
30800
17000
16900
17000
31600
16800
16800
16800
30900
16900
16700
16800
29600
20200
16800
16800
16900
20800
31500
17500
16800
16800
16800
30100
16800
16700
19800
20200
17500
17500
17400
17400
17400
17500
17400
17400
17500
17400
17500
17900
44700
19400
17600
35000
20600
19900
16000
19900
19700
20500
19900
19800
19900
19800
19700
19800
19700
20200
19800
19700
19700
19900
16200
19900
19800
19800
18200
20100
31900
20200
20000
19800
19900
17900
19900
20000
19800
36500
16400
20200
23600
20200
20000
20300
20100
18500
20100
17400
18300
27700
17000
17100
33400
17500
34100
19700
17100
21100
21100
21000
21100
20800
20700
20900
19400
20500
20900
35100
20500
21300
16400
20600
17600
17000
16700
33200
16900
16700
16900
30600
20800
16900
16700
17500
20700
32900
16700
16800
17600
16700
17600
34200
17600
17500
17600
17500
27100
19300
17700
17200
17500
38300
17200
17200
17100
33200
17200
17100
17100
30300
19500
17200
17000
17000
31500
17100
17100
17200
19900
28300
17000
38200
16900
16800
16900
31000
16800
16800
16900
29900
16800
17400
16800
16900
28700
17400
16900
17000
17000
30000
17000
16800
16800
16900
47700
24900
32600
30200
16900
17000
34100
17800
16800
31000
17400
16900
16900
17100
17300
32300
17000
17100
16900
16900
30200
16900
16700
16900
32100
16900
16800
16800
30300
16900
16900
20200
16900
16900
31900
48400
20100
17300
17200
16200
33100
16000
15800
16800
19200
15900
28800
15800
15700
28400
15800
28600
15900
15800
34200
15800
15700
28100
15800
27300
16300
16400
28900
16300
16300
16400
16300
16600
16200
28700
20700
16900
16500
32200
16100
15900
29400
16100
16400
17200
30000
16400
16100
39500
34300
17300
17200
17000
33000
17000
17200
17100
35400
17000
17100
17200
32800
17000
17100
22200
20200
21500
43600
17900
17700
17800
52900
17600
17400
17200
17200
20600
62900
19800
21500
17700
20200
19700
17600
17000
16900
32600
17400
16900
16800
16800
30600
16900
16900
17000
16900
16900
16900
16900
19000
30000
16900
16900
16700
16800
16800
16900
17100
17200
32500
17100
16900
20300
17200
17600
17700
19400
17500
39800
17100
19300
18000
17800
19800
17700
31900
17700
17500
18000
18000
15700
16700
30600
15700
20800
28300
15800
15800
27700
15800
28200
15800
15800
27500
16600
16200
29400
19700
16700
32500
16500
20900
16600
16600
35800
16300
16700
16500
31700
20200
16400
16300
16700
35800
16700
16300
30000
16300
18500
16100
28600
15800
16000
28900
16100
15700
27600
19000
20700
16400
20600
20900
19000
20800
20700
20200
80700
19300
17500
17800
17600
58300
18400
17900
17600
21300
21800
19800
21300
21200
21400
20600
17200
21200
31900
17000
17000
21300
31300
17100
17100
20700
17000
30200
17000
17000
17000
29600
17000
17000
17000
28700
17200
17500
17300
17300
33700
17400
15900
16000
15900
29000
15800
20300
30900
15800
15800
28300
15800
28200
15900
15800
27600
17600
34500
17500
20500
15800
31300
15800
15800
27900
15700
27000
15700
27200
15800
15700
27400
18500
17800
16000
29000
16600
16200
16500
30500
17300
16700
16400
31200
16600
16000
16500
16500
21200
16800
16400
30700
16700
16800
16700
29300
34800
16800
16800
16700
29100
16700
16800
16600
17600
29800
16800
16800
28500
16700
16800
16800
51400
20500
20100
20900
19600
15900
30500
15700
18500
30200
20100
15900
15800
29000
16200
29700
16400
16200
16400
16500
16500
16500
29700
16500
20800
16500
16600
34800
16300
15800
20100
29800
16400
16500
19000
29600
16500
16200
16500
17600
20200
16300
15900
34600
16500
16200
17000
30400
16400
16500
16400
28800
15700
16000
28500
15800
20200
16000
29100
16100
16200
29800
16100
16200
33600
15800
16000
22800
57400
18200
17600
17800
18700
20800
18100
43500
17900
18200
17600
16000
31800
15800
20100
28600
15800
15800
27500
17600
19200
15800
51400
33000
17100
17100
17100
17200
30500
17000
17100
17000
29000
17000
31600
16400
18600
33000
16000
15800
29100
17500
15800
31600
15800
17700
15800
28500
15800
44900
18000
20200
17900
40400
17000
16800
16900
48800
41200
17200
17100
33200
17300
17200
17100
17000
17100
17000
17700
17100
19800
20100
17400
37400
17400
17000
17100
17100
21500
31000
17000
17000
23300
17100
17600
33900
37000
16000
29900
15700
20700
29600
15800
16000
42100
17000
16800
33100
16900
16800
17600
16800
30000
16800
16800
16700
29300
16800
16800
16800
18500
18700
44100
17800
21000
21000
19400
18700
19100
21100
17600
17900
34400
19900
37200
20300
24500
17100
17000
17100
36100
17100
17600
17100
20400
32300
17100
17000
17000
28700
16900
17300
17100
29500
17000
17000
20400
17000
17500
33500
19500
17500
17200
17400
17500
17400
35600
17000
17200
17400
17600
33000
37800
20500
17400
17400
17000
30700
15900
15800
30000
17700
15800
31900
15900
15700
29200
15800
27700
15800
16900
30400
16000
16300
29600
16200
17600
16700
16800
30100
16600
16600
16500
29600
20200
16700
21100
16700
17600
35300
17100
16900
17100
30500
17000
17000
17000
29600
16900
16900
16800
31600
17500
17200
17100
17100
31900
17000
17000
17000
28700
17000
17100
17300
17100
33900
17600
17800
22900
17700
43600
16200
16400
16400
16100
72600
15800
15900
18200
17600
18000
51800
20500
21500
34200
17200
17000
17100
32200
17100
17000
17100
32000
17200
17000
20200
17200
17000
17000
17000
17600
35400
21600
17200
17200
17100
31600
17200
17000
17100
33000
17000
17200
17600
17600
21100
34200
17400
17500
20400
34300
18800
21000
21100
21200
72200
19700
21200
21200
21200
20700
21100
35000
21100
21000
21100
21100
21000
21100
21200
21100
21200
21200
21100
21000
19300
21400
21200
16600
34600
20800
21000
21000
19000
20900
21000
21100
42700
21700
21200
20800
21200
20800
21300
37100
20800
21200
21100
20900
21000
21000
21100
21100
20900
21000
21200
21200
18600
21100
21200
34400
17600
17100
37900
17000
17600
19900
18400
17200
18500
20100
19800
20900
20900
29500
17600
17300
16900
38600
16600
16700
16600
31700
16800
16700
16700
29100
16700
16700
28300
16700
16600
19500
28700
16700
16700
16800
33700
20100
17000
16800
16800
34800
17000
16700
17100
32400
16900
17500
17200
17200
32600
16700
17100
28100
37600
17000
17200
17100
33800
17000
17100
17400
20200
16200
17000
34900
18700
19700
18500
18900
18900
17600
18000
20200
20000
20900
17900
62100
19700
17500
17000
17400
17100
35200
17000
17000
17400
17500
33500
17000
17400
17100
17200
17800
17500
17800
17400
17400
17500
17400
17400
17400
17400
21000
17600
37400
17500
17500
17500
17400
21200
16200
19400
17600
18100
17800
17700
17000
37500
17100
17500
25300
16800
16700
30900
16700
16700
17600
16700
31000
16700
16800
18800
17000
34200
16900
16800
16700
18900
33800
17000
17500
16700
17500
17000
34200
17000
16800
17000
20800
20800
33300
17100
16900
16800
17000
33600
17000
18900
17500
17100
32600
16600
16700
16700
32300
16900
16600
16700
29900
16800
16600
16800
29800
16700
17500
16600
67500
41700
23700
20300
17400
17400
53500
18600
21100
19600
19700
20400
18300
17700
18000
33500
18200
20200
20900
20300
20300
16500
33200
16800
16600
16800
30100
16700
16700
19900
17500
16700
16700
16700
16700
28200
16700
20800
16800
30200
16800
16700
16900
34600
17100
16700
17500
17500
18900
32100
18100
20300
17600
17300
17200
39900
21800
30600
16800
16700
16800
29700
17600
16700
16700
18700
34300
17000
16700
17100
17100
34000
16700
17000
38000
20600
20300
20400
16400
20300
20600
35300
20300
20300
20200
20300
20300
20600
20200
20500
20200
33200
20700
20200
16400
20300
20400
20700
19700
33900
20400
20400
20600
20300
20500
20400
20500
20100
20300
20300
16400
18100
20100
20200
18400
17900
18100
17600
17000
17400
21200
17000
16800
37600
16700
17000
17600
16800
37800
17900
18200
17900
16800
17000
33000
16700
16800
16800
32900
19100
19000
17100
17500
17100
19300
17300
39100
16800
17200
17100
17200
22900
34400
17200
17000
17100
16800
31500
17500
17100
17100
18700
17200
34600
17200
17100
17100
16800
34000
17100
17000
16800
20800
40400
18900
18000
17500
17500
49700
20200
19900
20800
20200
20200
20200
20100
16800
32500
16600
16600
17400
16800
34600
20300
16800
16900
17100
34300
17000
16700
19000
16600
34100
17100
16900
16900
17700
33100
19000
17700
19000
17000
17100
37700
17200
16900
17300
16700
34000
17100
17100
17000
17400
17000
35100
17900
20600
17900
17900
19400
18000
17500
17500
17400
18000
17600
17400
17400
30100
20900
20700
20700
20800
20700
20300
20400
18000
20600
20600
20700
21400
21000
20800
36900
16200
20900
20700
20800
20500
20600
20700
20900
33600
20700
20500
20700
21200
20700
20800
20800
16400
20700
34300
20900
17600
20900
16400
20900
20500
20900
20900
20900
34000
20900
21200
21000
19000
20200
18700
40300
17700
21800
17500
17400
17300
17000
17000
19700
64500
45900
16300
17700
18000
19600
20800
21000
21200
20800
36400
20900
20800
20800
20700
20900
20600
21100
20800
36800
16500
20700
20900
20800
20800
20900
20900
21300
20800
21100
34400
21300
20700
20800
20900
21100
16600
35400
19300
21100
20900
20800
31100
21000
21200
21000
20700
38800
55600
18100
22700
20000
19100
20100
70600
17800
17300
17700
17700
17900
19600
18400
17600
18200
17700
17400
17500
17500
17600
18300
17700
18000
17300
17500
17300
20200
20000
40700
20800
21200
21300
21000
20900
20800
17300
30200
20900
37900
21200
20800
21100
21100
20900
21100
20900
21100
20900
21200
21200
21100
17800
31900
21800
20900
20200
20600
19300
19900
20500
20200
20000
19600
17400
41500
20000
20000
17400
35000
20200
20800
20900
17400
20800
20900
20900
20800
21100
20900
20900
19500
35200
20700
16400
16800
37400
20900
19400
20700
21000
21000
21000
21400
20800
20800
20900
21100
20900
18200
32300
19900
21100
20900
20900
18900
20800
20800
20900
20800
19100
17900
32200
18200
18000
17700
18100
18100
19100
17600
21000
20800
21400
21200
21600
21400
37500
21700
21600
21300
21300
21900
17700
21200
21600
21200
21300
21200
18000
21100
21700
21300
21300
21600
21800
22300
21200
44500
17700
21300
21400
21800
21500
21900
21000
21600
21700
21700
21800
21300
21600
21500
21800
21600
17500
35600
19200
17500
17600
20900
21500
21200
20100
17200
39000
15900
15700
29700
15700
28000
19000
15800
29500
15800
15800
27600
15700
28300
15800
15900
28300
15800
16300
29500
16400
16300
20500
30300
16000
16200
28600
16600
16200
31600
16300
16400
16500
28900
16400
16600
28900
16200
19800
17400
16900
16500
33200
16100
16400
16700
36800
19900
16700
16500
16400
32500
16300
16500
19700
21800
20400
36000
44500
16900
16700
16600
17100
17700
17900
18300
17800
21000
17600
17600
17500
20200
20300
20900
19900
21400
21200
17000
16900
31900
17100
17100
20700
17100
29900
17100
17000
17100
30200
17000
17100
17000
30100
17000
17000
21300
17100
31100
17100
17200
17100
31700
17200
17200
17000
30300
17000
183300
18200
17800
18400
16400
36200
15700
15800
29000
22400
17200
17000
32000
17100
16900
17100
29600
17100
17000
17100
28700
17000
17100
17000
28800
17100
17000
17100
30700
19900
17100
17200
17100
17500
17500
32900
17000
25300
21000
21500
21100
21300
20900
32000
20900
21100
21300
21200
21300
21200
21200
21100
21000
21100
21200
21000
21100
21100
21100
33800
21100
20900
21000
21000
19300
17600
17700
24900
19500
21100
20200
20800
19700
57700
18100
18300
20500
20700
20400
21700
21500
21500
17900
34000
19100
17200
17000
17000
31300
16900
16900
17200
30800
17700
17300
17000
17200
17100
17100
30600
17100
17200
28800
17100
19900
17200
17000
29700
17500
20900
21300
21100
21300
17500
20900
21200
21200
20800
21300
35000
21100
21300
21200
16300
19100
18200
19800
20200
30400
17100
17000
17200
31000
17100
17000
16900
30000
17000
17300
17100
17200
32300
19500
33000
17500
16600
16600
30800
16700
16800
20000
16700
31100
16700
17500
16700
30600
16800
22700
16700
17500
30600
16800
16600
16800
17600
30300
16600
16600
16700
28900
16900
16900
16800
29600
16800
16800
16800
29100
16800
16700
16600
29800
16800
32900
18900
17800
19100
20900
20500
20600
21100
36000
16800
16600
31600
16600
16700
16700
29700
16500
16600
29700
16600
16800
16500
30600
17600
16800
16600
16700
17400
16800
16800
16800
29600
20800
17500
16600
16700
30900
17700
20900
20100
20100
20200
20200
20200
20300
19800
20000
20100
17300
20800
20100
34700
20300
20400
20200
20200
20200
20200
20400
20100
17500
21000
20500
20000
36600
19200
38600
17900
17900
17700
18500
17800
17800
42500
17700
20100
21000
17900
17800
31700
17500
19800
21200
30000
21200
21200
21100
21100
21200
21200
21300
21200
21200
21100
21100
21100
17700
41100
20900
16400
20900
21200
21100
19800
20900
21200
34100
16100
17700
21200
101900
19800
21100
21200
21100
16300
21200
21100
21000
21200
21100
21300
21400
17700
19500
19700
20100
17800
16700
17400
16600
30200
16700
16600
32700
16600
16600
17600
16800
29600
16700
16500
16600
28700
16700
24200
17100
17000
17200
19200
33800
16900
16800
20500
31000
17000
16900
17100
20000
20000
20000
39800
17800
17600
17600
17600
17400
17400
17300
17300
17400
55400
17400
17200
17000
35900
17000
17100
17100
17500
20400
33400
18400
18900
19500
19900
31200
17400
31100
17800
16800
32500
16600
16600
16600
29400
16600
16700
17600
20100
16600
16500
16700
37300
17500
16700
16700
30500
17700
17600
16700
16700
19700
20400
20500
31200
16700
16800
16800
31100
16900
16600
32600
16800
17500
16700
16800
31300
38600
18000
17800
19200
19700
16600
20400
20300
20200
19100
17700
17500
38300
16600
16600
16700
31900
17500
16700
16600
30100
16700
16600
16700
29800
16400
16700
30600
16700
16500
17000
31200
16600
16700
29800
16700
17500
20100
17500
18200
17700
19800
17400
17500
17900
20600
17900
17700
17900
18100
20700
21100
21300
21000
21000
21000
20800
20900
17700
17700
19900
18700
18100
18100
39700
17700
20000
17800
17000
18200
17900
20600
21100
47900
17900
16100
17600
17200
30300
17000
16900
16900
31500
16900
16800
17000
30900
16900
19700
16900
16900
31200
17500
16800
16900
16900
19800
32100
16800
16900
17000
31000
16900
16800
16800
17400
17500
31900
16800
20700
16900
32900
16700
16600
16700
30000
16800
3597400
18400
29400
16900
16800
16800
30600
17000
16800
16800
30700
16800
16700
17500
17500
17400
31000
16800
16800
16800
17400
30600
16800
16800
25700
30700
16900
16900
17500
16800
31700
17500
16900
17400
17400
17000
30300
17500
17500
16800
17400
16900
34500
16800
17600
16800
16900
30000
16800
22400
16800
17500
33700
20400
17700
18200
18000
36900
17000
17000
32100
16800
16800
17400
20000
17600
32900
16700
16900
16900
30900
16900
16900
17000
30400
17100
16900
16800
30100
16900
19900
16800
17100
31300
17500
16900
17000
16900
30200
16800
16900
16900
30500
44600
18100
17800
17700
17800
17600
17600
17600
17800
19600
39200
18400
18000
17300
17400
17800
18100
17500
18600
17600
17600
18100
20100
19500
19600
18500
18500
17700
30400
18200
17700
17700
17500
17300
17700
17700
17500
17400
29900
17800
17400
17500
17900
17600
17800
44000
20300
20100
20200
23200
20200
20200
19800
23200
19700
33200
20100
17700
20300
19900
20200
31000
20300
20100
20100
268500
18100
31200
16700
16800
16900
17500
19200
19100
17600
20500
20800
36100
20200
19700
20200
20200
19700
19900
33600
20100
19800
19700
19700
32500
21800
17600
17500
17600
31800
35400
17700
18100
18500
18700
17800
17800
17600
17800
17400
17600
36800
19800
17600
17500
36000
17400
17400
17400
18900
17300
17500
17400
23000
19000
39600
55200
21500
18300
19800
19900
21000
21900
17900
20000
38900
18800
18100
17800
21700
17300
21600
17500
21900
21400
17200
19900
20800
20100
20300
20300
19800
17800
17800
19800
17800
17400
19200
19300
22400
19100
19800
24100
18900
19600
18700
19000
20100
30800
17800
18100
17700
17900
17900
18500
17800
17200
30800
18500
19300
18600
20000
29000
18600
20300
18000
18800
18200
18300
20900
20400
20600
20600
20700
20700
20700
20600
21000
20700
20600
18000
18000
18100
17700
18000
18000
18100
22300
19100
18200
18400
20800
21000
20800
20800
34700
21000
20400
21200
20800
19600
19100
35300
18700
40500
18500
19800
20900
33600
21200
21500
20900
21400
22200
18900
18600
18500
19500
19700
20000
18600
18800
18800
19100
18900
19300
19500
17500
19300
17800
20200
31200
17500
18000
17800
17600
17400
17400
17300
33500
22100
17800
18300
18000
20200
32700
18100
17800
17800
17800
18700
18400
19000
18600
18500
17900
17700
17700
17800
17800
17800
41700
19500
18100
17800
18400
17700
30800
17700
18100
17600
18000
34500
240000
18000
19600
18400
17700
17500
17400
17400
17500
17500
17500
20700
43100
17500
38200
17600
20000
19600
17400
17400
20900
17400
17500
17300
17400
17400
21100
17400
17400
17500
17400
17400
19400
17500
17500
17500
17600
17500
17500
20700
20900
17600
21300
20900
17400
17400
17300
21000
20900
20800
17500
20900
18700
20200
20900
21100
20400
17400
37100
20600
20900
20900
20800
18100
20900
19100
19700
21300
20400
20600
18100
18000
17800
17600
20900
53500
32900
20600
20500
17400
17000
32200
16800
16900
16900
30300
16800
16900
16900
29800
16800
16800
21100
16800
29900
16800
16800
16800
30500
16800
16700
16800
29000
16800
16900
16900
30000
16800
16800
16800
29900
17100
16900
17600
18100
16900
33700
16800
16800
16800
17500
29800
16800
16900
16800
32600
18600
16900
16800
31900
16800
16800
16800
31000
16800
16800
16500
17600
35200
16700
17500
16700
16800
32100
30800
16900
16900
29200
20100
21100
21000
21100
21000
20900
20900
21300
21000
21000
20900
21200
17500
20400
20200
31500
21000
20400
20300
20300
20200
19800
20300
20300
20300
34600
20600
20300
17400
17400
20900
20300
20500
20300
20500
20200
20300
35800
20500
20300
20700
18300
20300
20100
44900
20600
17800
17800
20900
16800
20300
19800
20300
41300
21100
20300
20600
20200
20400
20400
20500
20200
20400
36100
20700
17600
17300
16700
17000
16600
17600
16800
31800
17600
16800
16700
16800
31200
16800
16800
16800
17400
30600
17500
16900
16000
30600
16900
16900
16800
31000
16700
16800
20000
29600
16800
16700
16800
29300
16800
16800
16900
28900
16800
16800
16800
19800
18200
17500
17400
20800
20400
19900
19800
32600
19600
19600
20100
20000
19700
19800
32800
20200
17600
32000
16800
16800
31000
16800
16700
16900
29200
16700
16800
16900
29700
16800
16800
16800
30200
16800
16700
16900
34800
16900
16900
16800
19300
30500
16800
16800
150200
18700
17700
27100
19900
21000
20200
20300
20200
52900
21000
35800
20100
20000
20200
20200
20300
19600
20200
20100
34200
19000
20300
20300
20300
31300
20400
20300
20300
32100
20000
20300
20300
20400
20100
20300
20200
20300
34100
20400
20300
20300
20300
20300
20300
20400
20200
32000
20200
20300
16800
20800
20600
20500
41100
21200
21100
20900
20900
21000
20800
18900
21200
21100
21200
18800
19200
19200
16800
16800
16900
32400
16900
17100
17100
17100
30000
17000
16700
16900
29700
17000
17000
16800
16900
29800
16800
17000
16800
28800
17000
16800
16800
29500
16900
16800
16800
30600
19000
16800
16900
17000
31700
16900
16800
33800
36700
18000
18000
43800
16900
16900
16900
20400
28800
20800
21200
21300
21300
21400
21100
17400
21100
21300
21200
17600
21100
21100
21100
21200
21100
21100
21100
20400
21200
21100
21100
17200
21100
20500
20200
35600
17600
16600
16700
16800
34000
16900
17500
16600
17700
31400
16700
16900
16800
17500
30200
16800
16800
16800
29600
17500
17500
16800
17500
17500
17400
16800
17500
17500
17300
33900
30400
21300
18700
18300
18400
62800
19000
17800
18000
17500
75300
21000
33800
20300
19500
20900
19800
17800
17500
16800
34200
16800
17500
16800
17500
16900
34800
20200
19800
19800
24200
21300
19800
21300
21300
21200
20800
21500
17500
16700
17500
31900
16800
16700
17700
16700
31400
16800
17500
20900
21300
21100
20800
20600
20800
21300
20800
21000
20500
20400
18200
18000
16700
30500
16800
16700
16700
30500
16800
16800
20100
17400
16800
31200
17400
16700
16800
16800
17500
29600
16800
16900
17600
45400
18400
17800
17000
38300
16700
16800
16900
31200
19500
16800
16700
30200
29600
20200
20100
19600
19200
19300
19600
32500
19700
20100
19800
19800
19400
19800
19700
32000
19300
19700
19700
19600
20200
20000
32100
20000
28300
16700
17400
17500
17500
17500
16600
37100
16800
16800
16700
30900
17700
16800
16800
17600
16900
30300
16800
16700
16800
30000
16900
17000
16800
29600
16900
16700
17400
39800
18300
23300
19800
20200
20300
19800
19700
20400
20200
20100
41500
18100
28900
17700
17700
29500
17700
17100
16700
16700
31400
16700
16700
16700
29400
17600
16700
16800
19100
17000
16900
17500
17500
17500
32000
16900
17600
17400
16700
16900
29800
17600
16700
16800
16800
17300
21000
21000
21100
20800
20800
21300
35100
20700
20900
20900
18000
16700
32600
16900
42500
20000
19100
33600
19800
21500
20700
39500
20200
17100
20100
20100
19800
21600
19900
19700
33600
20100
19800
19700
20000
20100
20100
19800
19800
33000
18000
17600
16800
16900
31600
16700
16800
16800
30500
16900
16800
16900
17500
17400
16700
16800
16600
28200
16700
16700
20700
29500
16600
16700
16700
29300
16700
16600
22500
28400
16600
16600
16600
27900
16700
16700
28300
18800
18000
20600
18900
45600
21000
20300
20500
20400
20200
20600
64400
18000
17400
19100
20500
20100
17600
16700
16600
19800
32600
16800
16700
16800
30300
16700
16700
17500
28600
16800
16800
16700
16900
31000
16700
18600
20800
20600
20400
20500
20400
33800
20300
20100
17200
20200
17800
17500
17400
17600
17500
17500
31400
17400
17300
17800
17400
107800
29900
17000
16800
17700
16800
37400
17900
18200
17700
17700
17800
17700
16900
16800
32900
16800
16700
16700
29100
16700
16700
29100
16700
16700
17500
21000
20800
20400
20100
20400
20600
20700
20300
35800
20600
20700
20100
20700
20300
20600
34800
32800
16800
16800
16800
31300
16800
16800
16800
16800
29800
16800
16900
28900
16900
16800
19100
17600
17600
17700
44400
21000
20200
20300
20300
20400
19500
16700
16600
37800
16600
16700
16700
30400
16700
16800
17200
17000
18000
21000
20800
23000
21200
20500
20600
28800
17100
16800
28600
20300
16900
16900
31800
20000
16800
17000
16900
32900
16900
17100
17100
17100
16900
17200
16800
17000
17300
17100
34900
16900
17100
17200
17100
32300
17100
17100
17200
17100
36000
19700
20400
19600
66900
18100
17800
18800
20900
20500
16800
16800
16900
17600
34000
16700
16600
17600
16600
30500
16600
16700
16700
29600
16600
16700
33000
21100
20700
20500
20400
20700
20700
17100
20800
20300
20600
20300
20600
35000
19400
21100
20900
20800
20700
20500
20600
20700
20300
17400
21100
20700
20700
19800
42200
19700
20400
17300
17200
16900
16800
16800
16800
19100
34900
21100
21200
21000
20900
35400
20900
20900
21100
20700
17400
20800
20300
20500
20400
20400
20700
20200
19500
20100
35600
20500
17300
21100
35700
21200
21000
21100
21100
20900
20600
20800
20900
20700
17300
21000
21000
34800
17900
19400
16700
39200
16800
16700
16800
20600
29900
16700
16700
28700
16800
16700
16600
32600
20200
17900
17200
43500
17100
17100
20600
20900
17800
20700
20500
18100
21000
20700
20600
21000
20900
20500
17400
21000
20800
20300
17700
20800
20700
20800
17500
16800
16800
16700
31800
16600
16700
16600
30800
16700
16600
28300
16700
16600
16700
16700
17500
16900
16800
33900
38200
17900
17900
18500
18500
17900
20500
19400
21100
20900
21100
21000
21100
20800
21100
20900
21300
20400
21100
20900
20500
21000
21300
20900
20800
21100
20900
20900
20600
20800
21200
20900
21200
21100
20900
20700
20700
20400
21300
21100
30300
20800
21200
21000
20500
21000
20700
20900
20800
20800
21100
21000
30800
21100
21200
20900
19500
20700
20500
21300
41800
20900
21200
21200
31100
21200
21000
21200
21200
21000
17400
78300
18500
17900
17600
19500
18800
18500
19800
18700
18500
18300
32400
19500
20900
21200
20900
33100
20800
20800
20600
21100
20800
20900
20800
17600
17400
18000
17700
17800
17900
94600
20700
21000
17600
17500
18000
19100
24000
20100
17000
16800
36900
16600
16600
16700
18900
20000
21100
37400
20800
20800
20500
20500
21100
20600
20800
21200
21000
21200
20900
21300
20900
20900
21100
35900
33200
21000
20900
20500
17600
20600
19600
20800
31600
20500
16700
16700
31600
16600
17600
16700
16700
17600
30500
16900
16900
16800
17400
29300
16900
17400
16800
16900
31300
16700
16800
17000
17400
30100
16900
19300
18900
19800
19800
36400
17500
16900
17800
16800
38300
17000
17300
19600
17700
17200
17000
38600
16900
16800
17000
33300
16800
16800
16900
30900
16900
16900
16600
29100
16900
17700
17800
16800
16800
17000
32000
16900
16700
16800
31300
16900
16800
40200
20600
19900
20200
19700
19700
19700
23300
19800
19900
19700
22600
19800
19900
34900
21600
20000
19700
19800
19800
19700
19800
19600
19700
20300
19800
19800
19600
20000
21400
17900
18600
20400
20200
20000
20100
19900
20000
20300
18100
17700
19000
21000
20900
17600
16700
31800
16800
17000
18300
21300
17400
16800
37900
17000
16800
16800
20500
32000
16900
16700
26400
17000
34000
16800
16900
16800
30500
16900
17000
16700
29300
16800
17600
16800
17500
36400
18100
19300
17100
19400
20000
21000
20200
19800
19700
19700
30000
16800
16700
16800
34300
16800
16800
16900
31200
16900
17000
16900
17700
42500
21100
17300
21100
21000
20900
19200
21000
21100
20700
34900
44000
43900
42300
38500
38400
33200
33100
33000
65100
33000
30500
33400
37200
31700
29200
25900
25500
25900
23700
22900
23000
21900
25300
25000
22000
21800
21700
19300
19100
110000
19400
19700
22900
20900
22600
23100
23000
68600
21100
21600
43200
21000
20600
21100
38600
20100
17600
17700
16900
29400
16700
16700
17100
36000
20100
21000
115700
17200
16800
16900
16800
33000
16900
17700
21000
21000
17200
17000
36400
16700
16900
16800
30800
17000
17600
16800
16700
31600
20000
17100
16700
16700
30500
16800
17300
17100
36100
17200
17100
17100
19200
20200
17900
20000
20900
21000
36700
20800
20800
20800
20700
19400
21600
21100
21400
19800
20300
20300
20300
20100
20400
22600
17600
29200
20100
37100
20600
20200
20900
16800
16800
32400
16700
16700
16700
30100
16600
16700
16600
28600
17600
16700
16700
28700
16700
18000
16800
16600
17500
32500
17000
16700
20300
34300
20600
53100
16000
21200
20600
21000
17600
20600
36200
20700
21000
20800
20900
18300
89400
44000
20600
19800
19200
17100
21100
17000
34900
17600
16900
16800
16800
17500
20800
21000
20800
20400
19500
18800
20500
20900
20700
20700
20600
20900
20300
20500
17800
20800
20800
20600
20500
20700
20700
20800
17600
20800
21300
21000
20400
18400
19600
48400
19600
17500
17900
19600
17800
18100
17500
18000
20100
19000
20700
21200
19100
20200
18400
18300
17800
18300
17600
17500
17700
17500
17400
33700
17700
17700
17300
17400
18100
20800
20300
16900
17100
16700
41900
16700
16800
16700
17500
34300
16900
16900
19700
16800
29200
16600
17200
53300
20400
17600
20500
60700
20100
21700
21100
21700
20900
20900
20800
20900
20700
20900
21000
21000
20600
17600
20900
21000
21300
21200
21200
21300
21200
17600
20900
21300
36600
19200
18600
19900
17600
20500
18500
19600
21000
20500
20900
20900
20700
17600
18500
17600
18900
29500
17600
16800
16700
16700
21000
20900
16900
232300
46000
18900
20100
18800
37500
18800
17100
17300
44300
19900
20900
17800
32400
17800
21100
21100
20900
17500
17100
34100
16900
19600
20400
21000
20600
20800
20600
21100
140100
19900
20900
20900
20700
20400
17500
21100
20500
20700
20200
17800
17500
20800
18200
18300
34800
17800
45400
20600
20000
18800
20600
21000
20800
20500
20400
20900
20700
34300
20400
17600
17800
19800
20600
17100
16900
35400
16900
16700
16800
29600
16700
16700
29100
20900
16800
16800
16800
32900
16800
16700
17800
17500
31000
16700
16800
17500
16700
30400
16800
16700
16700
30400
17400
17700
16700
30000
17900
17500
20900
21100
88300
18200
18300
18600
19100
21100
20100
20200
21500
17600
17500
17500
19700
20500
17700
32400
16700
16700
16800
30600
16800
17500
16700
16900
37200
17500
17500
16800
16700
30000
16700
16800
16800
29600
16800
16700
16700
19500
33100
17500
16700
16800
16800
31900
16800
16800
16800
30000
17500
17500
17500
17400
16800
16700
17400
17400
30600
24300
16800
16900
31000
17000
17000
16700
30600
17500
20200
59400
18300
17200
18000
17200
20600
17900
21200
20200
20200
17800
17400
16700
32300
16800
16800
16800
30900
16700
16800
16900
31300
20000
16900
16800
17000
35600
17500
16700
16800
16800
30300
16700
16800
16800
17500
30500
18000
18100
17800
17700
17500
16900
20000
19900
21100
20900
20800
20500
20000
21100
21200
204300
18400
17900
20400
18200
48800
19800
21100
20600
19900
19400
20100
20200
42000
18100
20800
19300
18100
17500
16800
20500
16700
17800
17000
16700
39000
16600
21200
17500
16800
19900
24400
18300
17700
16700
16700
35600
16900
16900
16800
30700
16800
16800
20000
20100
20900
19700
17200
20300
21300
19900
18900
21600
20300
20300
114700
20900
19600
20200
20000
20300
19700
20100
20100
20400
20700
19500
17800
34200
17500
17500
16900
17100
16900
30600
16900
16700
16900
16900
16900
16800
16900
16900
30300
17000
16900
16900
31000
16300
21200
21200
21100
21100
21200
39300
17500
17600
21000
20500
20500
20900
21100
20200
19900
20000
20200
20300
27300
32900
16800
16700
17000
31600
17000
17000
20600
18100
17400
17000
34600
16700
20200
16900
31600
16900
16700
17600
17000
34800
20100
20300
20500
21700
17600
32800
20500
20100
20300
20200
20300
19300
19000
20900
20900
21100
20900
60200
21100
21200
20800
21300
21200
21200
20800
21400
21000
21100
21000
21100
21200
21000
21200
21000
21100
20900
17600
34500
17400
16600
17500
16800
17400
33600
16700
16800
16800
30500
16800
17500
16800
16800
47000
19500
19600
17800
18700
42900
16900
17200
17000
33200
16800
16800
16800
16900
33000
16900
16900
16900
30400
16900
16700
16900
36700
20400
20800
21200
18200
20200
20900
20900
20700
20400
20400
20100
34100
20100
20600
20100
20500
20500
20300
20100
20000
20200
33900
19700
21000
20200
20400
22200
20500
20200
20500
20600
20400
20300
33400
20300
20300
20100
20500
20400
205200
18400
19500
16900
31300
16900
16900
16900
30300
17100
16900
16900
16900
29700
18000
34400
20700
20700
20200
20200
20200
20200
17400
21100
20900
20600
20400
35000
20500
20800
20400
20500
20400
19500
20200
34400
20400
20400
20200
20200
20100
20500
19200
17900
17900
17900
20000
22300
20900
20900
20500
20500
21200
20900
21200
21100
21000
21200
19000
33700
30500
17000
17000
32600
17000
16900
16900
30500
16800
16900
16800
30000
16900
17000
17000
20300
31100
16800
16900
17400
17000
33300
16800
16900
16800
30400
16800
16400
16900
31900
17200
19900
17000
17000
35100
16700
16800
16900
31100
20000
17800
18200
17200
16900
16800
40900
21200
18700
18000
20000
18100
18200
17700
33000
18000
17900
17100
237300
18000
34100
16900
16800
16800
31200
17600
20000
20900
17200
17500
16600
40500
19800
17600
17200
16900
17500
20100
20500
49900
17700
39300
16800
17000
17200
34100
16700
16800
17500
16800
31300
16700
16800
16700
29600
35200
19800
20700
18800
20300
20500
20800
34400
20800
20600
20600
20700
20600
21100
20600
20400
21000
20900
20900
20500
21000
20700
20900
17600
21100
21000
20700
19800
30400
18600
18900
17800
17400
17400
17100
18700
17700
17600
18000
20600
69600
19400
21500
21400
20400
16900
32100
17000
17000
16800
20100
20100
20100
20200
19900
20300
20200
20100
21300
20100
20200
20000
19700
17100
16800
34200
16800
16900
16800
16800
30400
16900
17100
31200
16800
17000
17000
33700
20100
16900
16900
17000
29700
16900
16800
16900
30600
16800
17100
16900
16900
19400
19600
19900
20500
20300
19800
20700
20300
34900
20000
20300
20300
20300
17600
16600
31900
16900
18000
33000
16800
16900
17000
31300
16900
16900
16800
30400
17000
16800
16800
17000
29900
16800
17000
16800
29900
17000
18900
16900
17000
17000
30900
16900
16800
16900
20700
20000
17600
40200
16700
16900
16800
20100
31400
20800
19900
36600
41400
18100
17800
40400
20900
21300
21200
33700
19900
20900
21100
21100
21100
21200
21300
21100
21100
21200
21100
20800
21200
21000
21100
34100
21200
21100
21100
37100
20900
21100
21300
39800
20900
21200
21100
21200
19000
16800
16900
34300
16900
16800
17600
20900
16800
32900
17600
17000
17600
16700
31800
16900
16900
17400
30100
16700
17500
16700
16800
30700
17500
16900
16700
16800
59100
18700
22600
20100
20300
20300
20400
20300
20500
20700
20200
20100
20100
19500
19600
17900
17500
17400
19800
20800
21000
21000
20800
20800
21100
20800
20800
20900
20900
21100
18200
41200
17900
19700
21100
20900
20900
21200
21100
21100
18800
20900
20800
21100
17600
28900
17600
17700
17700
16800
17400
17600
17500
35500
17900
17500
16800
16900
17500
31600
126100
42800
19100
17700
19800
21300
20800
20900
20900
19400
21100
20900
21200
21100
74900
20400
21000
21100
21100
20800
21100
39400
54000
16600
19600
18300
20700
16800
16900
34800
23400
17900
20200
20900
20900
20800
20900
21100
20800
21100
21100
16000
17500
20800
21100
21200
21000
20800
21000
21100
17600
19800
20900
36500
21300
20900
19100
98200
18900
19900
20600
16300
18500
17900
40400
16100
20000
18500
35200
18200
20400
32800
16800
16900
16900
19800
35500
16800
16700
16600
17400
30500
16900
16900
16900
30400
16800
42000
20400
19900
17400
16800
16800
37900
20600
21200
45000
17000
16000
32700
17200
36000
19400
17100
45300
17000
16800
16800
31600
17500
16800
29700
29000
18300
16000
30300
15900
15800
28900
15800
28700
15800
15700
27800
20100
16600
16700
32000
16400
16400
30200
22900
16000
30500
16200
16400
29900
16700
16400
16600
18100
18000
17500
17400
17400
17900
17900
17800
16900
20000
20000
17400
31900
16800
16900
16900
16900
29200
16900
16900
16900
17000
32800
20300
40600
17500
17500
20700
15900
18100
21100
39200
18000
16800
17000
16900
16300
32200
15800
16500
30300
15800
15800
20400
17000
16800
16900
32800
17000
16900
16900
16800
16900
16800
16800
17000
31800
16800
16900
19900
17700
17000
32400
21400
16800
20300
21300
19800
17700
16900
17100
38400
16800
17000
16900
31900
16700
16900
17000
30300
16800
16900
17000
34000
19900
18200
17300
18000
137500
18900
18000
18600
19500
27800
19900
20900
20900
18900
19800
21300
17400
17800
20900
20400
23100
19600
33800
19500
25700
17600
21000
21300
21100
82100
20900
21400
21200
17500
21100
21100
21100
21000
20900
20900
39400
20700
18900
18200
36200
17700
18200
17700
17400
18700
18000
47500
16700
16700
31700
17000
16800
16900
30100
17000
16700
17000
30100
16800
17000
16800
30800
17000
16900
17100
30100
16800
16800
16800
29800
16900
21000
16700
16700
30800
16900
16800
17000
30800
16700
16800
16700
30400
16900
19500
16900
16800
17200
18000
17000
33700
16700
17600
16700
16800
31400
16700
16800
16800
17500
19900
19800
20200
20300
19600
18000
19400
17900
17700
17600
17800
33700
20900
21400
20500
20400
20700
20300
20200
20300
22600
20500
20300
32200
20600
21100
20600
20800
20300
20400
20500
20100
20400
20400
33500
20400
20400
20700
20300
20600
20200
17400
20800
20500
35300
20500
20200
20500
20600
72700
17700
17600
19300
18900
18900
19800
18100
20500
23400
21000
20600
20700
20500
21100
20500
35500
21000
20900
20600
20500
20200
21000
20600
20400
20600
20500
35300
20500
20500
20300
20300
20200
20200
16000
17700
16600
16600
17500
16700
30900
16900
17500
17400
16700
17500
20200
17400
34400
16800
19100
16700
17500
32700
20100
20400
20300
20100
37300
20200
20400
20300
17800
32700
24300
19000
17000
17400
18200
62300
19300
20500
17900
17900
18400
17900
18200
17900
18000
17300
17100
17100
17400
17200
17200
17400
17000
17100
17100
17200
17100
17100
17100
17100
17100
17100
37800
17200
17500
32800
20700
20400
21000
17500
17700
18600
17800
17500
17400
17400
17300
17400
17500
17600
17500
20000
20800
20900
21100
20800
21200
20800
20900
20900
21600
21200
20700
20800
20900
21200
21000
21100
18600
21100
21000
19000
17100
35200
17700
16900
16800
17000
37600
16800
16900
16800
30800
16600
16800
17000
30600
16800
16800
16800
30600
16800
16900
16900
30200
18800
17100
16900
16900
33000
16800
16700
16900
29800
16800
16900
16800
30800
16800
17000
16900
21200
58900
19500
20100
20600
20900
21200
21200
21200
21200
17500
17400
16700
17500
38100
17500
16700
16900
17500
32500
16900
17500
16800
17500
31200
16900
17600
16900
16800
31000
17600
16800
16900
16900
29700
16900
17500
17500
17400
20400
19900
17100
40200
21200
21200
21200
36700
21200
21000
21100
21200
21100
21100
21200
21200
21000
21300
21200
21300
21300
18600
21200
21200
21000
21200
21300
19700
20200
21200
17600
17000
17400
31300
17300
16800
16900
20000
16900
30800
16900
21500
16900
16900
31700
17000
16800
16900
30300
20000
17000
17100
30300
16900
16900
16900
35600
16700
17700
17100
17100
17500
36000
16900
16800
16900
30500
16900
17000
17000
31100
17000
16900
16800
20500
18200
17900
17700
20100
21400
21200
21200
21200
18800
16900
16800
16800
17600
16900
32900
16900
16800
17900
17400
17600
20000
20900
17900
33700
21000
17600
16800
16800
16800
20800
21200
21300
18700
20900
21300
21200
32500
19600
21200
21300
21200
21300
21300
21100
19100
20800
21200
21300
36500
17500
17600
17600
17500
17500
20200
17800
17400
18600
19500
18600
18600
19100
19500
18500
19600
19900
18300
18100
17600
18000
17800
17600
17400
17500
17400
15900
20800
19800
19100
72900
20300
19900
19800
20200
19700
21400
21100
21200
20200
19900
25300
21200
19500
20200
17500
17800
17500
17400
17500
33600
16900
16900
16800
31200
16800
16800
16800
19900
17600
16900
16800
16900
31200
17000
16900
17000
17000
30200
17000
17100
30900
16900
17200
16800
29800
17200
17100
16900
17500
18300
20600
20900
17500
17400
39600
73400
20500
21000
21200
17700
17800
20200
19800
21200
21200
16000
17800
19800
20100
37200
17500
34800
16900
16900
16800
33200
19500
17700
22500
18100
20600
20500
20400
20100
20000
20100
21400
20500
20300
20200
31500
16800
17000
17000
31200
16800
16500
18100
17800
16700
16800
34100
19900
21000
18200
18700
20300
20800
20900
21200
21200
33600
20900
20900
33100
17300
17800
17100
20600
17700
20000
21200
20800
20800
88600
17400
20100
17500
20800
20700
21300
22200
18600
18000
18000
77100
20400
19400
20300
17900
39900
17200
17600
16800
16800
34000
16900
16900
16800
29800
20400
16900
16700
16900
39400
16800
17600
16800
31200
16700
16800
17600
22600
17500
31800
16700
24500
17700
17600
16800
38300
16800
16700
16900
30100
17600
17600
16800
16800
64800
18200
17600
18000
17200
17700
16800
37800
16900
17400
21200
35300
20700
20600
20600
20600
20500
20500
20800
20900
35600
20500
20900
20800
21200
20500
20600
20900
33400
21100
20800
20700
20700
20600
20800
20500
21100
17600
17400
19000
17500
20900
37300
19700
19800
18300
31500
18000
35500
16600
16900
20800
18900
50700
41600
16800
16800
17500
30500
16800
16700
18500
29500
51800
39600
20300
20400
20200
20100
20400
20000
20100
20100
19500
18000
20500
20200
20000
20100
16800
16600
32300
20800
17100
16900
17200
20700
69500
19900
20500
19700
31300
20000
29600
17800
17800
17500
16800
17000
37900
19800
17900
20000
21100
21100
21000
20900
17200
18000
21100
20800
37900
20100
20100
18300
20900
19200
20200
17900
39700
16700
16900
16900
20400
33500
16800
16800
22300
31600
16700
17500
23200
16700
32100
16800
20700
16800
30900
16900
16900
16800
30200
16900
16700
17400
16800
29800
16900
19400
19500
20400
19600
19700
19600
19700
19500
19500
19400
19700
32500
17600
20200
20100
19600
19900
19600
19800
32700
20200
19700
20100
17200
20100
19600
33200
17700
20000
21700
18700
50700
17900
18300
17900
18400
19900
20300
20000
17900
17700
17800
34000
18000
17700
17400
20700
20000
17900
20500
18500
21100
17800
20200
17900
17500
16600
16700
31800
17000
17500
16800
17100
34800
16700
38000
19900
17700
17500
20600
18000
20000
39900
20900
20500
41100
20700
20800
20900
33700
21000
21100
36500
33200
19000
16900
17500
31800
20600
16800
16800
30200
16900
19800
21300
21100
20900
17700
17600
17300
17500
17400
17400
17400
17500
17500
17300
17500
30500
16800
16800
32300
16800
16800
16800
30500
16900
16700
17500
16900
30500
17500
16800
16800
16800
29900
20600
16900
16900
16900
30100
16800
17600
17000
17500
17500
18000
17700
37100
17100
16900
16700
34800
16800
17600
16900
16800
31600
16800
16800
16800
17400
30100
16700
16800
16800
30400
22500
17400
16700
16800
31500
17500
16800
16800
17500
16900
29400
16800
16900
33200
17500
17000
17500
