15900
33700
16800
16800
16800
33800
16900
16900
16800
30200
16900
16900
16900
30200
16900
16900
16900
17500
36100
36500
20000
20400
21200
17100
16800
33300
16900
16700
16900
31500
16800
35500
20500
20200
20200
20200
20200
20300
20300
17400
20400
18100
20200
20000
19400
17800
17600
17000
38700
16800
16900
16900
37700
17900
19700
17000
23500
17800
17600
18000
20200
40700
20100
19700
19800
20400
20400
19700
20000
18300
76600
18200
18500
17600
24700
19200
17000
38000
16700
16900
16800
31800
16800
16700
17100
32100
17000
17000
16900
30500
17100
16900
16900
30400
16900
16900
16900
30000
20100
20300
33400
20300
36600
17700
38000
21900
20600
19400
17600
16700
34600
36200
19800
18500
36300
16900
16900
16900
31600
16900
16800
16900
30000
16900
17000
17600
16900
30100
16900
16900
16900
29900
16900
17000
17500
16800
34000
16800
16900
16900
31500
16900
17000
16900
30000
17000
17400
18000
30200
17700
16700
16900
35500
17100
17100
16900
32200
16900
16900
16900
30000
20500
17000
17000
17100
31900
17000
17100
17000
31000
17300
16900
17000
30300
16900
16900
17900
18200
17600
19700
20200
19800
19900
20200
34200
20600
19900
19800
19900
20100
19800
33200
19700
19700
19900
20000
19600
19600
33900
20200
19700
19900
19800
31000
17500
17500
17300
17600
17600
17500
17400
17500
17900
17700
28400
20900
20900
20800
22400
20900
20700
20500
20800
20500
20500
33800
20800
20600
20400
21100
20700
21500
20800
20900
20900
20600
20800
20800
20800
19000
21900
19200
35900
19400
19900
19800
19300
17700
17900
17900
17800
17800
16900
36600
16900
16900
16800
17600
33100
16900
17000
17000
20900
30600
17000
16900
21100
33000
16700
16700
16700
30900
16700
16700
16700
31300
16900
17000
18800
16900
31700
17000
16900
18400
17300
34500
17700
16800
16800
16900
34100
17100
17000
16900
32200
17500
17100
16900
16800
20900
31200
16800
16700
16900
32400
16900
17100
17000
30700
17000
16900
16900
17600
31000
16900
16800
16900
30900
16800
16900
16600
30700
16900
16900
17000
29900
16900
16900
16800
29700
16800
16900
17100
30800
16900
16800
16800
19300
18400
21200
20900
20500
20900
20800
38300
34400
20500
18400
18100
17200
17200
17900
17900
18200
18500
18500
18900
19900
20500
16800
21300
33800
17000
16800
20700
31700
16800
16900
16900
30700
16900
17000
16800
30700
16800
16900
16900
16200
16800
31500
16900
16800
17000
30200
17000
16700
17000
30000
17000
20500
16900
29600
16600
17000
16900
31900
17000
17100
17000
31100
16900
17000
17000
29500
16900
16900
17700
20100
21200
34900
17500
20300
19800
20200
19800
32100
19600
20000
19300
20000
19700
20300
31000
19700
20200
19800
17100
16900
16700
31900
16800
16900
16700
31600
20700
16900
16900
16800
31700
16800
16900
16900
17400
33000
16900
16900
16700
31000
16900
16800
16900
30600
16900
16900
17000
31300
16800
16900
19000
46700
20300
20400
20300
19300
19600
21100
20900
21000
20400
21100
20800
20900
35500
36300
20900
20600
17100
21100
20900
20800
22000
17500
20900
20900
33600
20900
20900
21000
20500
20700
20600
20800
20500
20600
20400
20700
20700
38500
20700
20700
20700
20700
20500
20800
17400
20900
20600
20800
19600
33100
20400
20800
21700
20600
20700
20900
22400
20900
21100
21000
21200
19800
19100
20000
19900
19900
19900
17700
19100
19900
20400
19900
32300
16900
17000
17400
19600
19300
17000
38100
16700
16800
16900
37400
17800
17700
18100
17600
16800
20100
34800
16900
17000
16900
19800
20900
20800
20900
32700
21000
21200
20900
21300
21200
20800
16800
16700
31200
16900
16900
16800
30500
16800
16800
21100
17800
17500
18300
41400
17000
16700
16900
32600
19700
16900
17000
16900
36000
16900
16800
16900
30700
17000
16700
16800
20600
31600
16900
16900
16600
30100
16900
16700
16900
31000
16800
17000
17000
29500
16900
17000
16700
31700
16900
16900
16800
30300
17100
16900
17000
30100
16900
16900
16800
19400
33100
16800
16700
17000
31400
16800
16900
66100
77900
135600
80500
79000
59200
52100
52000
51900
98100
38700
42800
43500
43400
43600
43000
39200
77000
29300
33400
223000
31600
30600
31700
31900
27000
25000
25300
24900
42700
28800
27400
30400
30200
30300
30600
31000
26700
26200
26300
26200
26100
26100
24600
26200
26300
39400
26100
26300
26200
26200
26300
26100
22800
23000
22800
22800
22900
22900
22900
22900
55500
22000
22700
19800
45500
22800
23100
22500
20300
21000
21100
20800
20100
20500
20700
34400
17300
20900
21000
20600
20300
20400
20600
20400
17600
20700
20600
18900
39200
21100
21000
21000
28100
16900
16900
31900
36300
16800
17000
16700
29700
16900
16700
29800
16900
16700
16700
31400
18300
17100
16900
20300
39400
21100
21900
18400
17500
17500
17500
21300
20300
20200
21800
21400
18400
17700
18200
20400
20400
20400
21600
21500
20500
18000
32200
16900
17000
16900
30400
16900
17000
16900
29500
16800
20600
16900
29500
16900
16900
17300
17200
16900
16800
17000
16800
16800
16800
19800
20400
21200
17800
18000
18600
17900
17600
17800
17700
17900
18200
17700
17900
17700
18200
18500
18800
34700
18000
17500
17500
17700
17700
17600
17500
17400
17400
49000
17000
16900
16900
16800
33800
21000
20900
20900
21000
21000
21000
17500
20000
20900
20900
20800
20900
35900
20900
21000
20900
21000
20800
20900
21000
20900
20900
20900
20900
20900
20900
20900
20900
20900
36300
20900
20900
21000
20900
21200
20800
20800
20900
24600
20800
22200
19900
20600
21900
21200
77500
27100
17600
19300
20200
17700
17900
16800
35300
16900
16700
16800
31700
16800
16600
16700
29600
16700
16700
16700
31300
16800
16600
16800
29800
16700
16600
30000
16900
16900
17000
17100
32600
17000
16900
17000
18700
17700
36300
16600
17100
17100
17100
35800
17000
16700
17000
18400
17100
16800
26500
17200
48000
33900
17800
20000
20900
20800
20900
21000
21000
21000
20900
20900
21000
21000
21100
21000
20900
17600
17600
21200
20800
40700
20900
21000
32600
20900
21000
20900
21000
21200
20800
20900
20900
21100
21000
20800
34500
18600
20900
20800
20900
20700
21000
20900
20900
20800
20900
20900
21000
20900
20800
20900
37200
18900
17700
18700
17600
18300
19500
19800
20800
20800
21300
20000
20800
21000
34600
20900
21100
20900
21500
20900
21000
20700
20400
17700
17500
17600
17500
17600
21200
30100
15900
15800
54600
17100
16800
31300
19800
29000
16900
16900
16900
31000
16800
17000
21300
16900
30300
16700
42300
16200
33600
15900
15800
30000
15800
20600
27500
15800
28400
15900
15800
27700
15800
19000
19000
18100
17700
30900
15900
17100
31000
15800
15900
28600
15800
27600
15900
15800
27900
15800
28700
15900
15800
28600
16500
17500
16200
31300
16100
16300
31900
16500
16200
28800
16300
16400
16600
30500
36700
17200
17100
32500
17100
17000
17100
19600
17900
32400
19100
20800
17200
17800
17400
20000
21100
17500
17500
17800
32200
17800
20600
20300
20400
20300
19700
20200
20100
20100
20200
20300
20500
20300
20200
20000
20100
20200
20100
20100
66700
17600
23700
17800
20800
17900
20200
17400
18000
17500
34500
17000
20100
20200
20300
36500
21400
20500
20200
17600
33200
19900
41200
29900
18100
43800
15800
16100
42400
21500
18500
45700
18000
17900
18000
20900
21200
20300
19500
17100
16900
33100
16900
16800
16800
29900
16800
16800
16800
16900
16900
16900
16800
29400
17400
16800
16900
16900
30100
17000
17100
17200
20300
17100
16800
33400
16500
17100
17000
19600
35400
17200
17000
17000
17100
33400
17100
17300
17200
19000
17000
69600
18800
16500
31600
15800
15900
28600
15900
28200
15800
15900
28200
15800
28600
16500
16800
16000
30200
16200
16500
18000
19500
22600
17700
17400
16900
37900
16900
16900
17500
16900
32300
16900
18900
16700
16700
31100
16900
16700
16800
32400
19900
17400
17100
16800
35600
16900
17000
16800
35000
16800
16900
16700
30100
16800
17000
16700
30700
17800
16900
16800
20600
17400
17300
17400
17400
17200
17400
17500
17400
34200
17400
17500
17300
17500
17400
17500
17400
17000
16900
16900
31700
31700
29500
18900
17800
17900
19500
26400
17700
18000
33300
28600
15800
29500
15900
15800
28500
15900
28900
15800
15900
28600
16300
16500
33100
16000
16300
29400
16600
16500
17600
17300
17000
34900
17000
16900
16600
30200
17600
16200
16800
36500
16800
16800
33900
16600
16700
16700
30000
16800
16700
16800
29800
19300
17700
17700
18400
16100
29600
15900
15800
29000
15900
16600
32000
16300
16600
16600
30500
16600
16500
17000
30200
16600
16600
19000
32100
16600
16600
31400
16000
16400
21000
31700
16600
16500
16500
29900
16600
16500
27800
16700
16600
16500
34500
16700
16900
16500
29400
16800
16500
16400
68800
16100
16200
29700
16500
16300
29500
16200
15800
21100
20600
33700
20200
19900
17600
22200
44500
17600
18300
18300
18100
17400
17600
78700
20200
19200
20000
21100
21600
21600
21200
20300
34200
16900
46800
16800
31100
16800
16700
16800
30200
16900
16800
16900
30100
16900
16700
16900
31000
16700
16800
16900
30300
16800
16900
16800
29600
20200
16900
17000
16900
33200
16900
16800
16700
31600
16700
16800
17000
31300
18000
17500
41400
18300
18300
17900
19500
29200
16700
17200
16800
19600
34800
16800
16900
16800
30100
16700
16700
16700
30100
16700
16800
17600
16900
29000
16800
16800
16800
29400
16700
16800
16800
28800
16800
16700
17000
32300
16800
16800
16800
29700
16800
16800
16900
30500
16800
16700
16700
17600
29600
16800
19800
17500
16700
32300
16700
16600
16800
30500
16700
16800
16700
30400
16600
16800
16700
29200
17600
17500
43000
18200
18300
17200
16800
41400
16900
16800
17400
17200
32800
16800
16800
16900
30700
16700
16900
16800
16800
19800
17500
17100
17100
17000
33300
16900
16900
17000
27800
16800
17000
16900
29700
16800
16800
19000
19900
26100
16700
16800
16800
34900
16700
16700
16900
31200
16800
16600
30600
16800
16700
16700
30000
16700
16800
16600
31900
16700
16800
21400
45000
20300
20200
17600
20000
17700
18000
17800
17900
17400
35300
20500
16800
16800
30600
19100
16700
16800
16800
34500
16800
16800
29500
18100
16800
16800
40400
16700
16800
16700
31100
20900
20800
21400
17500
21200
20500
21100
69400
20900
20800
20600
20500
21200
21000
20900
21100
20900
20900
21000
18700
19600
21100
19700
18500
29900
18300
18000
17400
17600
17600
19100
20900
20700
20700
17300
16800
32400
16700
16800
16700
31100
16600
16700
16500
30500
16900
16700
16600
31900
20200
20100
20300
20900
20200
20400
18000
20300
20700
20200
20100
18100
17400
17500
20100
20100
20800
20600
20700
18700
20500
35300
20700
20300
21000
20500
18800
51700
19500
19600
32100
18500
18700
16900
16700
35500
16800
16700
16700
29600
16700
16600
20100
30000
16700
16700
41900
16800
21200
20700
21100
20900
20800
20900
20600
20900
21100
21100
20500
29800
19300
18200
17400
17100
60200
58100
19500
23200
17000
18900
34000
20400
17500
20700
20200
34400
20200
19600
19600
19700
19700
19800
32100
17300
20400
15900
20000
32200
20200
18300
20000
19600
19700
31600
19800
19600
19900
19800
19800
19400
19800
32800
19900
19600
20000
19800
32000
20300
19800
20000
20000
19900
20000
32600
20500
19700
19500
19700
19700
19600
32900
20000
19900
17900
20600
20100
20100
17600
34300
92000
19200
30900
31800
19700
33700
31200
31800
58500
55900
18100
21400
38800
31400
29100
31200
17100
17100
31500
17100
17200
17000
17100
17300
17100
17000
34300
30400
17300
17200
33800
17300
20500
19200
21300
20100
20100
20200
20200
17000
35200
20300
20100
20200
19000
20600
20300
20300
53200
32100
16800
32400
17000
16800
16900
30200
17000
16900
16900
29400
16900
16900
19700
16900
30800
16900
19300
30600
17000
16900
31000
16700
16900
16900
30400
16900
32400
16800
16800
16900
30900
16800
17000
16700
30800
16900
16800
16900
30100
16900
16700
16800
35000
16700
16900
16900
29500
16800
16800
16900
29600
16900
16800
16900
29200
16800
16800
17400
18300
39500
17800
20200
20700
20000
19600
19700
38400
20400
20200
20500
20200
20500
20500
20400
20200
20900
34000
20600
20600
20400
20700
20300
20400
19900
20300
20500
20900
20400
20300
20300
20300
20100
20500
20500
20500
31600
30900
16900
16900
16700
32300
16900
16800
16900
17100
16900
16900
16900
16800
30400
16800
16800
16900
30500
17000
22900
16900
16900
30300
20400
16800
17100
16900
29900
20700
20700
21000
30100
31700
42400
35600
31500
17300
34400
30000
19200
17800
17900
17800
17900
17500
17400
17200
18000
30500
17400
17500
17400
17400
19700
16600
20700
35300
20500
20100
20600
20600
20300
17600
16800
16800
31300
16600
16900
16700
40300
16700
16700
16700
17200
20700
19700
20400
19100
18000
17600
17200
22200
19300
19800
21400
21200
21200
37400
17000
17000
23400
18000
20500
20400
21800
17300
17700
19600
21000
21300
20700
20900
20900
21000
20700
21100
20700
21100
20600
21000
21000
21000
20700
20600
37600
21000
20600
20800
20700
20900
20600
20700
20700
17400
35900
19300
18800
17400
18100
17700
19000
62200
31500
62000
27100
30300
17200
34500
20400
34600
18600
20000
17800
17800
86500
18400
19600
41100
35300
30500
16800
16900
16800
16900
16800
31300
28100
21400
20900
22000
17400
27400
29900
39400
16700
16900
29000
16800
16900
19900
21600
17600
22400
18800
18100
16700
17000
16900
17500
44300
17500
19900
21000
18700
17300
30200
19600
31700
18100
21000
20800
20700
20700
20900
20700
75000
39800
33700
17400
34100
19000
21000
20800
21000
21000
20900
20800
21000
20700
17300
21000
38900
21000
19700
18400
32800
20100
19100
17100
16700
16800
39200
17000
16800
16900
32100
18000
18700
17500
17000
31400
39800
16900
16800
16800
16900
32100
16900
16800
16800
29400
17000
17000
16800
17000
34300
16800
42300
16900
16900
31200
17500
17700
17200
37000
20100
17400
16900
17000
37200
16700
16800
16800
32600
17100
17100
17000
16900
29700
16800
16900
16900
19000
17800
30000
20200
20900
34600
19600
21000
38100
20200
52200
29200
20800
20900
20400
20500
20700
20600
20600
20400
20200
20600
34500
20400
22400
55000
20900
34400
19700
19800
21000
21000
21200
20500
20900
20900
21000
105600
20900
17300
16300
21000
20800
31100
36200
16900
33800
18400
17400
18100
31500
19900
40500
16800
16700
30400
21000
21000
21000
21100
21000
21000
21000
21000
20900
20900
20900
21000
21000
21100
35100
20800
20900
20800
17400
21000
20400
20500
44200
17500
35600
20200
18900
40000
32900
29100
30900
29500
17000
29800
32900
18500
18800
18300
18900
16900
18200
17900
38500
20900
16800
27100
34500
17600
17300
43500
16900
17100
17100
127500
17600
36700
19700
17700
34000
18400
22300
17400
18000
17700
17700
33000
17300
17600
17400
17700
17800
42600
17400
17200
17200
17300
17800
29600
21900
16900
37500
16800
16800
16800
32700
16800
18100
58600
17900
31600
17000
19400
21100
20900
17100
21000
35200
20100
20300
20600
20200
20400
20800
20900
20500
22100
20700
20500
38000
33600
20800
20500
20900
22200
20700
20300
33800
32700
21000
20500
20200
20500
20800
20400
20400
23800
20800
34500
20500
20800
20500
20600
20300
20600
21000
20900
20500
20600
35100
21200
20600
32400
32300
16900
17000
16900
17000
16900
16800
47800
20500
27000
47200
34800
57500
17800
19700
37200
28000
17700
38600
53000
18100
32300
18100
19100
16900
21000
20500
20500
20300
20300
34200
20600
20300
20700
20200
20300
30100
20900
20900
20400
29400
21000
20500
20400
34400
20400
20200
20500
16600
16900
33800
16800
16800
33200
16900
31300
16800
16900
16800
30500
16900
16800
17000
30500
17700
46200
17000
18900
17000
16800
32300
16900
16700
16800
48800
16900
16800
16900
30400
16800
16800
16700
16800
16900
16900
17000
16800
30500
16800
17000
32800
16900
16900
16900
31200
16900
16900
16800
16800
16800
17100
16900
17000
28500
16800
16800
16900
29700
16900
16800
24500
16800
30200
16900
16800
16900
17100
29200
16700
16800
16900
29600
16700
17000
16700
31100
17000
30600
31200
17600
18400
20100
21100
21100
20800
21000
21100
21100
20700
20500
20200
20300
20200
20500
39300
20800
20500
20600
20400
20600
20500
20800
20700
20500
20500
33700
20400
20500
20700
20900
20600
20300
32000
20600
20700
33000
33200
16800
17000
16800
32600
16900
16900
16700
30500
16800
16800
16700
29400
16800
16900
16900
29700
16900
16900
16700
29800
16800
16700
20500
29100
16800
16800
16800
19000
30000
21200
31400
18400
18300
17700
19500
17500
17400
19800
21000
20900
20900
19300
32800
20700
20500
30000
32800
20000
20800
20800
20900
20900
15800
21200
20800
20900
20900
18700
20000
18000
17800
18100
21000
17500
53700
19700
18000
17600
19500
21300
41800
19300
18100
20500
23900
20300
20800
20600
20700
17800
18100
17700
19400
19600
17900
19000
20600
17600
19500
17600
18400
17700
36900
17400
17700
17700
19200
19000
18900
18900
19500
17700
20700
18300
20600
19700
20300
20200
18300
29900
19300
18300
17800
18100
18000
17700
17800
17600
17600
22700
17700
20200
20100
20700
19700
20300
47000
20900
20900
20700
20700
21100
20700
21200
20900
20800
20700
20700
20700
21000
20500
20900
17600
16800
35800
16800
16700
17000
31000
16900
17000
16900
31800
16900
17000
16800
29600
16800
19800
17000
16900
32200
16900
16800
16900
31200
17700
20500
20200
20100
18600
20000
19900
20600
20700
17700
21000
20300
20000
20100
20200
20200
20500
20100
20100
34900
20200
20000
20200
20100
19900
20100
19900
32300
20100
20100
20000
20100
19500
19700
32500
18400
17600
20400
20200
19800
20200
31400
20000
20000
19700
20300
19700
20300
32500
20400
20100
20100
19100
19500
30500
16900
17000
16900
32100
16900
17100
17000
31600
16900
17900
17400
18500
17000
16900
41100
16900
17000
17100
20800
20300
20200
20400
20300
32900
20500
20300
20100
20200
20100
20200
33300
21000
20600
19500
18600
20100
20500
16800
21000
20200
20100
19400
20300
20200
20200
19800
20200
20100
19800
19800
20100
20000
20100
20300
20200
20300
20600
19800
33300
20200
47600
20100
20200
20200
34200
20300
20100
32700
20300
18900
21400
19300
19900
49000
20600
18300
18100
39000
17500
17900
17500
19400
16200
34300
20300
20900
39200
33000
20500
20400
20300
20600
20100
20500
20200
20600
35300
20900
20400
18400
20200
21000
20300
21000
20700
20700
20400
21000
20300
20300
21100
17700
32400
17300
17100
17000
31300
16900
17000
17300
17100
31000
17500
35200
17600
19700
20700
18000
16700
16900
37900
16800
16900
17300
17100
17000
35100
17100
17000
17000
17100
17000
17500
17100
30300
16900
17000
17000
29800
20900
19800
21200
21200
20900
20200
21000
19800
17600
29800
17500
17700
21100
20700
20300
20200
20600
20200
20400
20400
20900
20900
37700
17300
35800
16900
16700
19800
17800
36300
16700
17800
16800
16700
31100
16800
16700
16800
30200
32900
19500
22100
21000
20300
20000
20000
19700
20000
20200
19900
20200
18300
17700
20200
20600
20600
19100
19800
20900
32400
20900
21100
21000
20800
17600
21100
20700
20500
20300
34300
20400
20600
20100
20600
20500
20300
19500
19900
20200
33100
17700
20500
20300
20100
19600
20400
20200
21200
17400
21100
20300
35600
19800
20200
20200
20200
17800
21000
17800
17500
17400
17000
17200
37400
17300
17200
16900
33600
17300
31700
20100
20200
18300
20200
20100
20200
20200
20700
20400
35200
20200
20300
19900
20400
20200
20200
20300
20200
20600
20600
20300
20200
20400
17300
19300
20200
20100
20200
20500
34600
20300
20100
20200
20000
20500
20100
20300
33900
20600
20500
20900
21000
20900
21000
20900
21000
20800
17400
21100
21100
20800
37300
20300
23100
77500
20100
19500
19400
19400
20300
20600
19100
18700
17700
34700
17500
19000
19300
21100
20900
21000
20700
20900
20900
21100
20900
20900
20900
21000
20800
17300
21300
20900
20900
21000
21000
21000
21000
34700
21000
21000
20800
16200
20900
21000
21000
99900
21200
21200
39500
20700
20600
20600
20400
20400
20200
20200
47700
30200
18100
16900
17000
32100
16900
17100
16900
31700
16700
16800
16900
31200
19600
17300
33000
17000
17100
17000
17100
17000
17000
17000
30600
17100
17100
17200
32300
17200
17000
17000
29600
17000
31000
17800
20000
38200
17100
17100
17000
20100
32200
17100
17100
18700
17100
31100
17000
19500
17000
17000
30100
17000
19400
20200
17700
20000
20800
20200
20000
20000
20300
21000
20400
37400
20100
20500
19700
19800
20500
20400
20100
20400
34100
33000
20100
15900
15800
29100
15900
45400
18300
18000
18000
17900
17600
16900
16900
19200
36000
15900
19400
17500
36200
17100
17000
17100
17100
17100
17100
16900
17000
17100
17100
17100
17200
30200
17200
17200
17000
32100
17100
17000
17000
30500
18000
21300
21500
20800
20900
42600
15900
16200
29900
15700
54400
17400
31400
17100
19400
20200
20000
19900
20800
20000
20400
19800
17500
17500
17600
17600
15900
28500
15800
41000
15800
15800
30100
29500
15800
19500
17200
17800
17900
19600
18500
17300
17200
17200
30500
17100
17100
17000
17000
33600
17000
17000
17000
30900
17000
17100
17100
30300
17000
16900
17100
31400
17100
17100
17000
17300
32200
17100
17000
16900
30400
17000
17000
16900
30800
19100
16800
16900
16800
30300
16800
16800
16900
33900
16900
16900
16800
16900
16800
16800
16800
16900
29700
16700
17000
16800
16900
16900
17000
16800
17900
17500
20800
18000
17400
17600
20000
54700
17400
19600
55300
28400
32200
20400
20900
37800
17500
19300
21000
20700
20800
17200
16700
18700
20900
17500
20800
21200
21000
33000
21400
20900
21000
21100
20200
20700
20900
21100
21000
21000
20900
21100
20900
20900
20900
21100
17600
20800
21000
20900
20700
20500
21000
34900
20800
20400
20500
19000
17400
17300
17100
17100
17700
17200
17100
17100
17000
33200
17000
17100
17100
17000
30300
17600
17000
17000
17000
17400
30900
17000
17000
17200
30500
17000
17000
17000
29400
17200
17100
16900
30300
17000
17100
16900
29300
17000
17100
16900
29900
17000
16900
17100
17900
20700
19900
19700
20300
20100
20300
20900
20300
20300
36100
20100
20200
20200
20200
17300
19500
17600
37100
18400
44700
20900
21000
20300
36700
20900
20600
16100
20600
34600
20600
20300
20200
20200
20500
20300
17600
17200
17200
36300
17100
16900
17000
17600
20600
16800
16800
16900
32000
16800
16800
16700
29000
16800
16700
16800
30600
16800
16900
16600
29500
16700
16800
20300
29500
16900
16800
16700
29800
16800
16700
16800
29500
16800
16900
16800
75000
17300
21300
24100
19900
20500
19800
20400
20100
20300
20200
20300
18900
49600
18700
21100
19800
17400
32000
17000
16900
22700
17300
31000
17000
17100
16900
30300
17000
20800
16900
17200
30500
17000
17900
17000
17200
34500
17000
17100
17100
35000
17200
17100
17000
17100
29800
17200
17300
17200
31800
17000
17100
17100
17100
16900
17000
17000
17000
17100
17100
17100
18900
20900
19500
21100
19600
42300
17200
31600
17200
17600
20000
21100
17600
17800
17600
17300
35900
21100
17600
16900
17200
30900
17200
17000
17100
32200
17000
17200
17000
30600
17000
20100
17300
17100
31500
19100
21000
20900
21000
20600
21100
20900
21000
17500
17200
17100
35300
17300
17000
17100
17100
20000
20400
20100
32700
17500
17800
18200
18700
17900
18000
19500
19600
17700
19000
18900
20800
17600
17100
17100
34000
17500
19700
20900
21000
20900
20900
21000
21000
21000
21000
21000
20600
20900
21000
21000
20900
36700
21100
21000
21000
20900
21000
21000
20900
20000
20900
20600
20000
21200
20900
21200
20800
20600
38900
21000
20900
18200
18500
18100
35600
16700
17000
17000
34400
16800
16900
16900
29300
17000
16900
16900
29400
16900
16500
16900
29600
16700
22800
16700
16900
30300
16600
16900
16800
29300
16800
16800
17000
34700
17500
21100
21000
21100
20900
20900
20800
21000
21300
20900
21000
20900
22500
21100
20600
21000
46400
16700
16800
39800
16700
16700
16800
30200
20800
16900
16800
30200
16900
16900
16900
29800
16900
17900
19500
21100
24600
17400
17800
17500
18500
21000
20300
18500
19300
18100
18200
33800
17700
17700
21100
21200
21100
20800
20600
20400
20700
20800
20600
20800
20700
20500
20300
20400
20900
20800
20400
20400
20400
20700
20400
20400
17600
21100
20600
20200
16400
20900
34000
20300
17800
20800
20300
42400
21100
20600
20400
20600
20600
20600
35300
107400
32300
17300
17100
17100
36900
17100
17200
17100
30300
17100
17200
17100
29700
17000
17100
17200
17000
34200
17100
17000
20500
17200
30900
17000
17100
17000
29800
17000
16900
17200
30500
17200
17100
17000
17000
30400
17000
17000
17000
29900
17000
17100
17100
29600
17100
17200
17000
30500
17000
17000
17100
31400
17000
18200
17100
17100
29400
17000
17900
20300
17600
20000
21100
21200
21200
21200
21300
21100
16200
21000
21200
21200
21100
21000
21300
21200
21100
21100
21100
17500
17600
35200
20600
16900
16800
31400
17000
16700
16900
29300
17000
16900
17100
30400
16900
17400
16800
16600
31300
16600
16900
17000
30700
16700
16800
17000
31000
16700
16900
16800
30700
16600
16900
16900
30700
16600
16800
16900
30300
29000
19600
20600
20000
20100
47500
18800
19900
17900
17200
17500
17600
18000
17800
20300
35300
17700
17600
17400
17400
17500
17500
17400
17800
19600
21000
21100
21300
21100
21200
21300
20100
21000
21300
21100
20900
36600
20900
21300
21200
17600
16000
21100
19400
19800
18600
33900
17300
17100
17000
32100
17100
17200
17000
17600
20000
31600
17600
35400
21000
20600
20400
20500
17500
16800
16900
33700
16500
16800
16800
31700
21200
17000
16900
16900
17400
31700
16900
16800
17000
30900
16800
16700
16700
30700
16900
17100
17000
30900
16900
16900
16900
29800
16900
16900
16800
29100
16900
16700
16800
33800
16900
17000
17000
34200
16700
16900
16900
32700
20700
20900
21200
20800
19900
19700
18500
17700
18800
21200
20700
18000
18200
28700
33500
18300
18500
19100
51800
18200
18000
17700
20500
20700
21000
21000
20900
17600
19500
21000
20400
20600
20000
20300
20200
20300
20300
35000
20200
20600
20200
20600
20300
20900
20700
20300
20500
34700
20200
20400
53900
20900
20600
21000
18000
20500
20700
20600
17500
20900
20300
20200
29000
17900
38000
17000
16900
16800
31800
16900
16900
17900
16800
32900
17300
16800
17000
16700
33800
16800
17100
16700
29900
16800
17000
16700
29900
16700
16700
16700
30500
16800
16800
16900
30700
19500
20900
20400
20500
20000
33100
20300
20400
19600
20000
20100
20100
20700
20400
20300
32400
20900
20100
20200
34200
20100
20000
20600
32100
20500
20800
21000
21100
21000
20900
21000
20900
16700
17600
19800
21000
20700
51100
17000
16900
16700
38100
47800
29600
16800
16600
28600
16800
16600
19100
21000
20400
20900
19500
21000
20900
30800
60800
20700
20700
20000
20700
20700
20600
20100
20700
34000
20500
20200
20300
20500
20400
20700
20400
20800
33200
20700
19900
20600
20600
20600
20300
20600
20400
33100
20600
20400
20700
20500
21200
20400
20400
20500
34100
21300
20700
19600
36200
18100
18200
17400
17500
17400
21000
20700
21000
20900
20900
20700
20900
20400
21000
20800
35700
21000
21100
21000
21000
18900
17200
16900
31300
16800
16900
16900
30000
16800
16800
17100
30100
16800
16800
16800
17400
31500
16800
16900
16800
28700
16800
17000
17100
19100
34500
19300
17400
22400
17700
17600
18000
37600
17700
17500
17100
17400
17500
21200
21200
20700
20700
21100
21000
21000
20600
20900
37200
21000
20900
21100
20900
20900
21100
21000
20800
20800
21000
20800
21000
20700
20600
20900
40600
18000
17700
17600
17600
17600
17500
17500
17500
17400
17600
17300
17700
17600
19800
21100
21000
20900
34900
20700
21000
20700
21100
20900
20900
61700
19700
17900
18800
20800
20900
17600
17200
17200
20800
36800
17000
17100
17100
34300
17000
17100
21100
17100
29500
17100
17000
17000
29800
16900
17900
17200
17100
29900
17500
17100
17200
17000
34300
17300
17500
17300
20300
17200
34300
17400
21200
17200
17400
17400
45700
34600
17600
17800
18000
29200
17800
20000
19800
20800
21200
20900
20900
20900
19400
20900
20900
20900
20900
20900
20900
20900
21000
20900
21000
20800
21000
20800
21100
20800
20800
20800
21000
20900
21000
20800
20900
17500
20800
20800
20900
21000
20900
20900
20900
21000
20900
20900
20800
20800
20800
20800
20900
20900
20800
21000
20800
20900
20800
21000
20900
17600
21000
20900
20900
17700
35000
26300
25800
20600
20200
19000
20900
19400
53600
17600
55100
19100
18200
18900
17700
19700
21000
20700
35300
20900
22200
20900
20700
20300
20300
20900
21000
20600
21000
21000
20800
20600
33600
20700
20600
20600
20600
21000
20200
20800
20600
20300
20800
20600
20800
20600
21000
21100
35700
21000
20400
20400
20600
20900
20600
20900
20900
35300
19400
20000
20400
20400
35900
20600
20600
18000
16700
16700
16700
34400
16800
16700
16700
17500
21000
20800
20100
21000
20200
20400
19500
20300
20600
36200
17400
20900
16800
38700
16700
16700
16700
30100
16800
16700
29800
16800
16700
16700
52700
17900
18000
17900
17700
17500
17700
17700
19400
20900
20900
21100
21200
20100
17600
20500
21100
20700
20900
20200
21100
21000
21100
21000
21100
20900
21100
20600
20800
21100
21100
20600
20900
20900
20900
21000
20900
20900
20900
20900
21000
21000
20800
20900
21000
17500
20900
21000
21100
17600
17200
17200
35100
17300
17000
17000
21000
34300
17000
16900
17500
17100
29600
16900
17500
17100
17000
29800
17000
17000
17000
29400
20200
17000
17000
17000
34100
20100
20500
21200
16800
17500
17400
51300
17700
17600
17400
44800
28400
46100
17900
18000
19900
19600
20800
21000
21000
21000
21200
21000
20900
21000
20900
20900
21000
20800
20900
20900
20900
21000
20800
21100
20800
21100
20900
20800
21100
21000
21000
20900
19000
21000
20900
21000
21100
20600
20900
17700
17500
17600
17500
17800
17600
17600
17500
17900
18500
17700
17600
16800
16700
16600
35400
16700
16800
16800
42500
16700
16700
16600
31000
16800
16700
16600
29300
16600
17800
21000
21000
42300
21100
21000
20800
36000
20800
20900
20900
19200
20700
20900
20900
18300
20800
20800
20900
20800
20900
20900
21000
48100
17600
20900
21100
19100
21200
20800
20900
20300
20900
20900
20800
16800
37800
20800
21000
39600
17800
22100
20800
20400
20300
19300
20800
20400
20000
19900
20000
18100
17600
19100
20900
20900
20300
17600
17100
17200
31800
20200
17000
17000
17200
19900
17000
17000
16900
40500
17000
17000
17000
31500
17000
17000
19000
20300
33800
17400
17100
17600
17400
17100
33200
17600
17600
17500
17300
17100
36600
17900
17500
19700
20700
20300
20200
20000
17900
17200
17100
18100
17200
36900
20600
16900
16900
31300
17000
16800
17000
32100
17000
17000
17100
29900
17000
17100
17000
30000
17000
17000
17100
29800
17100
17000
17200
30000
17200
17200
20400
19900
35700
20200
20000
20100
19800
20200
19800
20200
20000
17000
17000
35600
17000
17000
17300
17000
17400
16900
17000
17100
32300
16900
16900
16900
33600
19700
20000
17800
17600
17600
21000
20900
20300
20500
20400
17300
20700
20300
20200
33200
20500
20600
17400
16900
17000
38000
18100
20400
20900
20800
37900
21300
20900
20800
20800
21000
20800
21000
20800
20900
21000
20900
20900
20800
20900
20900
28600
17900
76500
49600
92400
49700
49800
91600
155700
40500
62400
188100
38500
38500
30400
30500
30400
30500
30500
30800
52200
30600
30500
25400
30800
29700
30100
29500
26700
30800
30500
30400
30400
27400
30200
30400
25900
26200
26100
22500
28000
22300
55300
22600
19700
19100
21900
22100
22500
18700
18700
38400
18600
18800
18700
30700
17000
17300
16900
20800
29900
17000
17100
17000
30400
17100
17000
17100
29900
17000
19800
17000
16900
33000
17000
17000
17000
30000
17100
17100
17200
31400
17100
17100
18000
18100
17700
17700
20100
19200
20900
20600
20300
16900
34600
17100
17100
16900
31000
17100
17100
17100
30100
17000
17200
17000
29900
17000
17100
17000
30800
17000
17100
19400
30500
20000
36400
28900
49500
30700
17500
26000
33100
17300
17000
16800
32500
55500
16900
17100
30900
17100
17100
17100
30200
17100
16900
16900
31100
17000
16800
16900
30200
17200
17800
126700
18800
18700
20600
21300
20600
60300
17900
34200
17800
17900
17000
17600
17400
21600
17500
17600
37100
17200
17600
17200
17500
17500
17700
17400
19600
20900
20300
20200
19700
20300
20200
40800
19300
30800
17300
17000
17200
31000
20400
17000
16900
31500
17000
18000
17200
17400
34300
17100
16900
17100
32900
17100
17100
17000
37100
17100
17100
17000
31000
17100
17100
17500
29800
17200
17000
16900
17600
34600
17000
16900
17000
30600
17000
20100
17800
18300
17000
31400
17700
17500
16800
19900
20100
19900
16800
30300
16800
16700
16700
29400
17500
16600
16700
17500
30400
20500
16600
17400
16800
30600
16800
16600
16700
17500
39500
17100
16900
16900
20800
20400
17800
16700
16800
36600
17500
16600
16600
16900
16800
16700
16800
28500
16700
16700
16700
30500
20200
16800
16600
29700
16500
16700
17600
30500
16600
16700
16700
29200
20600
16700
17400
16700
30700
18000
16800
16600
18700
34800
16800
16700
17500
16600
16700
16600
16600
29000
16800
16700
16600
36000
20100
20200
20100
20000
20200
20200
20000
20100
20300
19900
16500
24900
19200
18200
18000
19800
16900
16800
32000
17000
16800
16700
30500
16700
16700
16800
29000
16800
16700
16800
20100
28600
17600
16700
17000
16900
29800
16800
20600
16800
16700
30200
20900
17400
17000
17100
17700
35600
16700
16800
16900
29500
16900
16700
22300
30500
16800
16800
33300
17700
20100
19200
20000
17200
17500
16800
41200
16700
33500
17600
20400
19900
19700
19700
19700
19900
20000
33100
20400
49300
17600
16700
16600
21100
33400
16800
16700
16700
16600
17500
16700
17300
36100
16600
17500
18800
16800
32100
16700
17500
16900
16700
29600
16800
17500
16800
16800
29700
16900
16800
16700
17300
30200
17500
16900
16900
19100
18000
36900
18000
50800
19600
18800
20000
19800
19400
20300
19700
19700
45500
21900
20300
19200
17700
17700
17500
31300
17700
20000
20200
23800
20900
20500
17500
17800
17100
32000
17000
16800
16900
31300
17500
16800
16900
32500
17500
16700
16800
16800
17800
30300
16800
16900
20400
30500
16800
17500
17200
16800
17400
33300
16800
16800
16700
30300
16800
16800
16500
29000
16900
18300
17100
16800
29900
16800
20600
17100
30000
16700
20200
16800
28600
16800
20200
16600
29200
16800
16700
16800
32800
17200
17100
21100
17600
17100
35800
20800
20400
20300
20400
20300
20300
20400
20300
20500
20600
20200
17600
16700
20300
17700
38500
16800
20600
16700
30900
16600
17600
16700
16700
30500
16800
16800
16600
29500
16600
16800
28800
16700
16700
18000
17100
38100
27600
17200
33700
18500
23000
17100
16700
33600
20300
17100
17100
16700
18700
17000
17100
17000
35100
16700
18700
16900
22100
32100
16600
16700
17400
16700
29300
16700
17000
30000
16600
16600
16700
30200
16600
16700
36100
20900
54500
18900
22100
19500
20800
19400
19900
20200
19900
17000
33100
16600
16700
16700
20900
29500
16900
16700
20000
17700
34700
16600
16600
16800
29100
16800
16700
28700
16600
17600
17700
16800
16700
16700
16700
17000
33500
19000
20800
17000
17600
18800
23200
33800
17100
17100
145600
19100
19800
18700
17500
17500
17400
17500
17800
17400
17600
17500
17600
20900
20700
20400
20700
20700
20600
20700
20600
20500
34600
20400
20600
21000
20300
19900
20400
20500
20500
20300
20500
20600
20600
17300
21100
20600
20600
17600
20900
20600
20600
21000
20700
20500
20400
16500
20900
20800
20500
20700
20500
20500
20500
17500
20900
21000
20700
20300
20300
20400
20400
33700
21400
18900
18500
17300
42700
17000
18000
17100
17400
44400
16900
53300
18000
18000
18000
21300
32700
16800
16600
29400
16800
16700
16700
29300
16800
16700
16700
29300
16600
16700
32100
16800
17100
17100
17100
34100
17000
16800
17200
17100
32000
17100
16900
17000
18800
33300
17100
17000
17600
16700
34900
17200
17300
17000
18900
39500
20100
18000
17800
17000
16800
17000
37800
17000
19000
20900
20500
44700
20600
20500
20300
17000
20200
20400
20200
47200
16900
16900
35000
18700
17000
16900
17100
33200
18800
17000
16700
16500
17200
17200
16800
69600
20800
20100
20700
17600
18700
18700
17800
17400
17500
17500
17400
23800
19900
18200
17800
17500
19000
17900
20100
17600
17800
17800
19800
21600
40000
19600
17800
19000
20000
20200
20200
17400
18000
17600
17800
30700
30700
16800
16800
16700
30900
16800
16700
16700
28300
16700
16700
16700
16700
16700
16600
27900
16900
16700
29300
17100
17200
17100
17100
33500
18800
17000
16900
16600
30300
17000
19000
18800
17100
18900
37300
16900
17000
16900
32600
16800
16700
16600
29200
16700
19300
16900
16800
20700
34300
16600
16600
17100
17000
16600
16700
18500
33000
18700
16600
20200
17100
36600
17200
17200
17200
16900
36500
16900
17000
17000
35000
17000
16700
17100
39300
17100
17000
17000
20100
33400
16900
19300
20500
18900
17000
33700
18800
16600
16700
17100
17000
17200
16900
18700
38600
17100
18500
16600
17000
16700
18200
18900
17800
19000
40000
17200
17000
17000
17900
36100
16800
19000
16900
17000
33700
17100
17000
18800
17100
32800
16700
16900
17100
17000
32300
16900
16000
19700
34200
17200
16900
16600
31900
16700
19000
17500
16900
36200
16700
17000
16800
34600
16900
17000
17100
19000
32900
17000
16600
17100
33000
16900
16700
16800
33900
16700
16600
17000
39200
17000
17100
16700
33300
19900
20200
33500
17200
17500
18200
19100
17600
19700
17800
21000
20000
20000
20000
19900
20200
20200
20100
20100
16900
16900
17600
16900
17000
34900
16900
16900
16800
16800
30400
16700
17000
16800
19300
21300
20900
20900
17800
16800
16700
34900
16800
16800
16800
18700
32500
16700
16700
20500
30300
16700
16700
41900
20800
33800
28100
17200
17000
16800
34600
16800
16700
17400
16800
32000
17000
17300
17200
17200
19000
35800
16800
18900
17400
17400
17100
17000
35200
17000
17300
17600
17200
21600
20300
21100
21300
21200
37900
20500
18700
20500
21300
20200
20800
21900
21800
21900
21900
20600
17600
16900
37500
16900
16800
16900
17500
30700
16900
16900
16900
17600
35100
17200
32500
17500
20200
20900
20200
20100
19500
20100
20500
20000
19900
22500
19700
17500
17000
17500
17400
17200
16800
16900
31800
16900
17000
16900
16900
30900
17000
16800
16900
16800
16700
16800
29100
16800
17300
16900
16800
33400
17500
17500
17000
16900
17100
19100
34800
16800
17100
17300
20300
17100
35200
17200
16800
17200
17300
17200
34100
17200
16900
16900
16800
31700
18000
30800
17000
17000
48800
17100
17000
37600
16800
16800
16800
20100
33900
17200
17200
17100
16700
33500
17300
20700
19100
17400
17500
23200
17100
35500
17500
17200
17400
17300
17200
20300
21700
17400
17400
19400
17000
17300
35300
17500
17500
17400
17400
17500
17400
37600
17500
17400
19100
17500
17300
17300
34300
17100
17300
19300
17100
17400
34200
17400
17800
20300
21300
29800
17100
22600
17400
19400
44200
17500
17600
17400
17400
17400
17000
34300
17500
17600
17500
17300
17300
47200
17700
19300
37800
17400
17500
17100
17100
35000
17400
17400
17300
17100
32900
17000
17300
17100
17100
33900
17500
17300
17100
16900
35100
17400
17300
19200
17400
17100
33200
17200
16900
16900
32500
17000
17100
17000
30400
17100
16900
18800
23300
18700
17100
17100
20200
17600
17300
58600
17600
17300
56900
19800
20200
17600
20400
20400
20600
17100
35200
17400
17700
20700
17400
17500
17500
35400
17500
19400
17400
20600
20800
34600
17100
20400
20300
20200
20200
20300
20000
20200
20400
20300
20200
17600
29900
20500
17300
17000
17000
35600
16700
17100
17200
33900
18900
16800
105500
18000
20000
17900
20800
41600
18900
17100
17000
18800
20400
20200
20900
20400
21000
36800
21200
22600
21200
20900
21100
21300
20700
21200
21200
20800
21100
21200
21200
21400
21000
21100
21200
21100
21000
37500
21200
21100
17500
20900
21400
21200
21100
21200
21000
21200
21200
21500
21200
21100
51600
20500
20900
18800
21000
21200
21200
45900
20500
41400
17300
17200
17100
31900
17700
20800
20100
57700
18900
20700
20000
20400
21100
17900
17100
17200
17100
36100
17000
17000
20100
31300
17100
17100
20600
29500
17000
17000
15900
29900
17000
17000
17500
17000
33200
17400
20300
17400
17100
32900
20600
17500
19400
17600
17400
17400
17500
36900
20300
17400
17300
17200
17800
29600
20400
21300
18000
17700
17700
17300
17400
42000
17900
17400
17400
17100
19300
17700
17500
35600
17400
17500
17400
17200
17400
34900
19100
17200
17400
17200
19300
17400
34000
17400
17300
17200
17300
17400
33900
17200
17000
17400
17000
38100
17200
17500
17400
21100
33100
17200
17500
16900
17200
31400
16900
17300
17000
16900
33600
17000
17000
17100
17100
32500
16900
16900
17000
17600
30100
23100
40700
20100
20000
20800
18900
48000
17700
21200
19300
21700
19100
21800
20200
21800
17700
31800
17100
17200
17200
19200
17200
34700
17400
17300
17000
17300
17500
35300
17400
17500
17000
19300
17000
33900
17400
17300
17600
17400
17300
34000
17300
17500
17000
17300
34600
19200
17400
17300
17000
17200
36000
17300
17400
19300
17200
17400
19500
20600
17400
36900
17000
17000
17000
17000
28900
19500
19000
16900
33300
17000
17200
17400
17600
19400
37500
17100
17400
17300
17400
19300
33600
17400
17400
17300
19200
17000
33200
17400
17500
17300
17300
17100
36900
30300
21500
17300
17600
17400
17100
41400
19400
17400
17000
17300
17500
17900
17900
18800
20100
17400
17400
17600
35500
19100
17200
17200
17100
34600
17100
17100
18900
17100
35200
16800
16800
16900
32500
16800
17000
16700
32100
17000
16700
17000
33300
16900
16800
16700
29500
16900
17300
21000
21400
21200
20900
21100
21300
42000
17000
37600
17000
17000
17000
18800
33500
20100
20200
20100
20300
21200
20400
20300
20000
20300
20300
20200
16700
29700
18500
17600
22200
17900
17600
20000
21100
20300
20200
19100
19900
16400
19100
32100
17900
17900
17700
19400
19400
20800
21100
20700
21100
21100
21100
21100
21100
21200
21100
34000
21300
21200
21200
21200
17700
21100
21300
21200
21000
21200
21200
21100
21100
21300
21200
21200
21100
21300
20800
21100
42400
19900
17800
35100
16800
17500
16800
31400
16700
15900
31800
16800
16700
16900
31000
16700
16800
16800
28600
16700
16700
17800
19500
21300
21300
21000
21400
37500
21200
21000
21300
21200
21400
21100
21200
21100
21200
20900
20900
21300
21400
21300
21100
21100
21200
23800
16800
16800
16800
32400
16800
16600
16700
29100
16600
16700
27600
16700
16700
16600
27600
18700
19600
23200
20600
19800
19700
21600
20300
20700
19000
19600
20900
17300
17500
17600
17900
33200
17600
16800
16700
32000
16700
16700
16700
29000
16700
16700
16700
28200
16800
18800
21400
21000
21000
21100
20800
21100
21000
21200
21000
21200
37000
21200
21300
21200
21200
21300
21100
19500
20900
21300
21200
21200
21000
20800
21000
21200
21100
20200
19800
21200
36200
21000
21100
21100
21100
21200
33300
18000
17300
17100
33800
17100
17000
17000
17600
20100
20000
21700
38000
17000
17000
17100
29400
17100
17000
17100
28400
17000
17100
17000
29600
17100
16900
17200
17100
33800
17400
17500
17500
17300
17500
17500
33400
17300
17200
17500
17500
17500
17500
36600
17200
17000
17300
17000
19300
19400
17200
17500
17000
17200
33100
17000
19100
17000
48000
18500
19400
47500
15900
15900
32600
15900
18500
17400
45500
17700
20200
20100
20100
20100
20200
17100
16800
17000
16800
30700
17300
16800
17000
17100
17100
17100
19100
17100
17200
17000
29800
20600
16900
16700
17100
36400
17000
17100
17200
16800
17700
19300
34300
17100
16900
17100
17100
16900
34800
17000
17000
17000
17000
17000
34500
17100
19200
18100
17500
35100
17400
17200
52400
19000
18000
18000
17800
19500
17400
19400
17300
17700
35900
17500
17600
17200
17100
17300
33400
17500
17500
19300
19900
17400
17200
19100
37100
17500
17100
17200
17000
34300
17200
17200
17300
17300
32200
17400
17500
17500
17000
17300
17400
17300
17100
17300
33900
17400
17300
19300
18200
18800
17700
17900
19800
17700
17500
16900
19600
20300
19800
16800
30200
16800
16800
28700
16700
16700
20800
16800
29100
17100
20900
18900
18800
17000
40100
17000
17100
17000
22400
36000
18800
17000
22500
17000
33500
17100
39500
21200
20500
20700
17300
20900
20900
20800
17400
30900
17100
17000
17100
17100
34900
20700
17100
17000
17000
38700
17200
17000
17100
22800
21900
19800
20400
20400
19300
20200
19800
39900
19900
20900
16700
16800
32100
16800
16800
16800
28800
16800
16800
16900
31000
16700
16700
16800
28700
16800
16800
16800
31800
17000
16700
17200
17200
33600
17300
17000
17000
16900
34400
16800
17100
19900
17200
17200
35700
16900
17200
17100
17200
19000
18200
17400
47200
20300
17600
19800
20900
21300
36100
21200
21200
32500
21000
20900
20800
21300
21100
21200
20900
34400
20500
21200
20900
20800
21000
20900
20900
21100
21200
21300
21100
21200
20900
21100
21200
21300
33600
17200
20900
21100
21500
21200
21200
21100
21100
21300
21300
21200
21100
21300
21300
21000
21000
38300
21100
21200
21200
21200
21300
21300
20800
21400
21100
21200
17400
17500
24600
20500
19300
19700
19700
46600
21100
21000
21000
20200
18300
17800
17900
18200
18000
19600
21400
21000
21000
20700
20500
34500
21300
20900
17600
20700
20500
20700
20200
20300
20300
20200
33700
20900
21000
20900
32500
16800
31400
16700
18900
20900
20600
20700
20700
20700
20400
20600
20900
21000
20900
20200
20600
20500
20700
20700
27700
20000
20900
20700
20800
20700
20500
20500
20900
20400
33900
20600
20900
20800
21000
20700
17800
20900
20600
19400
20300
20500
20300
22000
21100
37200
20700
20300
20600
21000
20600
22500
20400
20600
20600
20600
20600
20900
20900
36500
21200
20900
20800
21100
21100
21000
20900
20900
20900
21200
20500
20600
21000
21000
20800
20700
17600
18200
20100
17500
44400
19800
21200
16200
20800
21200
21000
20500
20700
39200
38500
20300
18500
21100
20500
20600
21000
17600
17300
18100
17900
17800
18000
17700
20200
34700
20100
17200
17100
17100
30800
17600
17100
17000
17100
33800
17000
17100
17500
17000
30900
17000
20100
17200
31800
17000
17200
17000
29100
17400
22300
17500
17400
19300
17300
17400
35600
16900
143000
28800
19900
18200
17200
45500
17400
16700
17300
48600
17500
17000
53900
20600
20100
17800
19900
18000
31800
16700
16500
16700
33500
17000
17200
18800
17100
34700
17000
18800
17000
17200
34000
17000
16900
17000
17100
34000
16900
16800
17100
17100
31400
18800
16900
19100
19600
17900
17700
17600
17100
41200
19300
17500
17300
17400
19200
18000
19800
35200
49100
19100
20200
21600
18500
19500
21300
21000
21200
21100
19300
35600
21200
21200
21200
21300
21100
21100
21300
21200
21100
21100
20600
20900
21100
21200
21100
21000
21100
21400
21100
21100
21200
39300
21000
21200
21200
21000
20800
21200
21200
21100
21100
21100
21100
21100
21000
21100
21100
21000
20900
21300
21100
21100
36000
21200
21200
21100
21200
20800
21100
21000
19500
20800
22100
18500
17300
49300
18000
17200
17000
21200
53000
54200
30000
21100
19700
21100
21500
17300
31400
17000
17000
29700
17000
16900
17100
29800
17100
17200
17000
29900
16900
17000
17000
36000
17000
16900
17500
17400
17400
34200
17400
19300
19000
17200
17100
17400
19300
17900
17700
22900
17600
19400
17600
23400
37100
19200
17400
142800
19200
17100
21600
20900
21000
20900
20600
19500
42200
17600
17400
17600
17500
17400
17700
17900
18200
17600
20800
21300
37900
17700
17400
17400
34900
18100
17800
17700
17400
17900
17500
31400
20900
20800
20600
34400
17600
17100
34700
16800
16800
16600
36100
28600
17600
17700
17700
19500
21000
21000
21200
21100
35500
17100
16900
17100
32900
17100
17000
17100
30100
17000
17000
19400
19300
17100
35200
17100
16900
16900
30900
17000
17000
17000
29900
17100
17400
17000
17300
17700
17100
17700
17300
20300
17500
17600
33200
17600
17300
17400
17200
17400
34000
17200
16900
17100
17000
32700
17100
17100
17000
31400
17000
53200
123100
33700
19000
17800
17300
20100
20900
21300
21200
21100
21200
21200
21300
21100
21200
17800
29900
17500
17500
17500
17500
17500
17500
17400
17500
17300
17500
17700
17600
17400
20900
17700
16900
36800
16800
16700
16800
28700
17900
19200
17800
17000
17200
17500
36100
17100
17000
16600
16800
36700
16800
16800
16700
29900
16700
16700
16700
28400
16700
16700
32700
17000
18500
17200
17000
18900
16900
18600
17000
18400
32900
17000
17000
18400
17000
21200
35300
17100
17100
16700
17000
32900
16700
17400
17000
16800
33900
18200
17300
17100
18700
18800
37400
18600
16800
17000
16700
34300
17100
18500
18900
17000
16900
19500
17800
17800
17500
19800
20800
21000
19800
17400
20900
20900
20900
33900
21000
20900
20900
21000
20700
21200
20800
18100
18500
18300
19300
19900
20900
21000
20800
20900
19600
20900
20800
37500
21000
20300
20000
45200
19700
20400
20100
20100
19700
19800
32800
19200
20200
20100
20300
18700
19800
20000
34000
18300
20200
20200
20200
56900
21000
20200
20300
16700
19700
20100
33800
19700
20000
20100
20300
20000
20100
19800
34200
20200
20200
20100
20300
17700
16900
33700
16900
17000
16800
32100
16800
17800
17700
21000
20100
20000
53200
19700
19700
60600
19700
20500
17700
18000
29300
20100
20400
17500
19800
21200
20900
33000
21200
20800
21300
21100
29600
17000
16800
30600
17000
16800
16800
30500
17000
16700
16900
29600
16700
16800
16800
31800
16800
17000
16900
31100
16900
16800
16800
29500
16700
16700
16900
29500
16900
19100
31800
17000
16800
16500
30100
16900
17100
16900
29400
16800
16900
16700
29600
16700
26100
17000
16600
34700
16900
16900
17000
30300
16900
16900
16900
29700
20900
16700
16800
16900
34200
16900
16800
16800
29100
16800
16900
16900
33700
16700
16800
16800
34000
16800
16800
16800
30900
16900
17000
16900
33000
16800
16900
16900
31300
42600
20600
17600
16800
17700
45200
16700
17000
16900
30700
16800
16900
16900
30800
16600
17000
16900
29400
16900
16900
16800
29900
16700
16800
16700
29800
21800
16800
17000
16900
36700
16900
16900
16800
30300
16900
16700
16900
29900
36300
20400
34200
19400
19700
20300
19800
19400
20000
19600
20200
19400
33800
20400
19900
18900
20000
20300
20200
21100
20200
20100
34300
20500
61200
20500
19100
19800
18400
18100
18100
17700
17700
19600
19400
17600
19900
20300
21400
32500
16700
16900
16900
33200
16700
17000
17000
30300
16900
16800
16800
30400
19800
16800
16900
16800
32500
16900
16900
17100
31400
16800
16900
16900
19100
31500
16900
16900
29700
17000
17500
16900
16700
32400
17000
16800
17000
29400
17000
16900
17700
19500
24600
17300
19100
17200
42700
16800
16800
16900
34500
16800
16800
20800
29700
16800
16500
16900
30300
16800
16900
16900
17600
32000
16800
16800
20200
17700
32100
17000
16800
16800
31100
16800
16900
17000
30500
16900
16700
16800
30100
16800
17500
17000
16800
29900
16700
16800
16800
29900
16600
16800
16900
29400
16800
17700
19700
17700
18900
16900
39500
16900
21500
19600
18700
44100
17800
17000
17800
17900
17000
17100
16800
17100
52200
19900
19300
19500
20300
20100
20000
16900
17500
17000
33600
17000
16600
16900
31400
16800
16800
16800
31600
17000
16700
16800
29900
16800
17300
17000
16800
31200
16600
17000
17000
32000
20800
16900
16800
17000
32200
16900
16800
16900
29600
17000
16800
16900
29800
16600
16900
17000
29300
16800
17300
17100
17100
19700
19800
17500
17000
17600
33600
16700
16900
17400
16800
29900
16800
18900
16800
16800
30900
16900
16900
16800
29600
16800
16700
16900
29900
16800
16700
16800
30700
17000
16700
16800
29700
16800
17100
19600
37100
17500
16900
17000
17000
31700
27100
16800
17100
17100
32500
16800
16900
16900
20700
16900
16900
16900
29800
16900
16700
16900
31700
19200
18000
17600
18100
16900
16800
39400
16800
16600
16800
30900
16900
16900
16600
31100
16600
16900
16900
29500
16800
16900
16700
18000
33000
16900
17000
19600
16700
33000
16900
17000
16900
20800
31100
16600
16900
16700
41200
17000
16700
16900
30200
20500
17000
16700
30300
16900
16700
16900
29500
16900
16900
16900
30200
17100
16800
16900
30200
16900
33600
17500
17200
17700
17100
31600
20700
16900
16900
16800
32000
16900
16800
16900
17400
30200
16800
16800
17600
16800
29600
16800
16700
16700
30600
16900
16900
17000
29900
16900
17200
17200
17200
17000
33400
17200
17200
17000
17000
33600
16900
17200
17200
17600
16900
38700
19100
17200
17200
17100
17400
17100
19000
18900
17400
17300
17000
17300
16700
34400
17200
16900
17300
17000
17200
37900
17000
17100
17000
17100
34200
51600
21700
33100
21500
24300
20300
20200
20400
17300
20200
20100
20100
20400
20100
20000
20000
31500
16900
16900
16900
16800
31700
16800
16800
16900
28900
16800
16900
16700
28500
16800
16800
16900
18200
33000
19300
17300
17200
17300
17000
42800
17100
17200
19000
17300
18900
16800
17200
17500
19000
31600
18900
18700
18100
19400
18800
57300
19100
18900
41800
21900
20200
20100
21200
22100
21200
17500
17000
16900
34200
16800
16800
16900
29300
16900
17000
17200
17200
19000
37000
17100
16800
17000
17400
32400
19800
16700
17100
17100
20700
32400
17200
16800
17200
19500
17700
18100
20500
20400
20900
20900
20800
19900
17800
17200
17200
34100
17400
17300
17100
17500
17400
17400
17400
17000
17300
17300
33300
17000
17000
17300
17400
32200
17400
17400
17300
17100
33700
17300
17300
17000
17100
34300
17000
17300
17300
17000
33200
17500
17300
17000
17200
34000
17000
17100
17000
32300
17100
17000
17000
16900
17300
17000
17000
17100
31100
17000
16900
56000
22600
31900
19900
81800
43900
20800
17400
18100
18100
17900
19500
20300
20200
20100
20000
40700
20100
20300
17400
17700
17400
21200
17100
17200
17300
17100
17200
17200
17300
37800
19700
20700
19900
21200
21100
22400
21100
21200
19200
19200
21100
21000
20800
21200
18000
17500
19600
140800
17500
32000
16700
17500
17000
16700
30600
16800
16700
29100
16600
16700
16700
28500
16600
16700
17000
33200
16700
17000
17000
17000
34600
19000
16900
39200
21000
21300
21400
21200
21100
20900
21100
21000
21000
20900
20900
20900
21000
20800
21000
32900
16700
16800
29400
16700
16700
16800
29600
16800
16600
28500
17000
16800
16600
35900
16700
16600
16600
32000
17400
45000
18000
17600
18400
17600
17100
17000
45600
17200
17800
17100
17000
32100
17000
17000
17100
17000
31900
17100
16900
17100
33400
16900
17300
47200
17300
19200
35400
17400
17500
17300
17000
17400
33700
17400
17200
18000
17100
17100
40100
17300
17300
17400
20300
17300
29000
19200
17100
17400
17500
32500
17400
17500
17300
17400
19200
17400
35300
17100
20600
17400
19300
17300
22300
36800
29800
19100
21400
21300
21200
20400
17100
17100
32400
17100
17000
17300
29400
17100
17100
17100
29600
21000
21300
20100
20100
20300
20300
20100
20100
20100
20000
20200
20100
17100
17100
17000
17100
20100
17100
33700
19200
17100
17200
17100
30800
21100
18300
17300
17000
17200
32600
20100
18100
19800
20600
21500
17000
20900
16800
33800
16700
16700
51800
19800
21000
17600
21000
21300
21300
21300
21200
21200
21000
17500
17600
21000
21000
21000
20900
20800
21000
33200
17100
17000
34200
17100
17000
17000
31800
17000
17000
17000
29200
17000
17200
17100
32200
17000
17100
17100
33100
16900
17000
17000
20800
34300
17000
17000
17500
21000
21000
20800
45400
50800
20800
17300
17600
50600
17600
17700
17600
17500
77200
20000
19200
20100
17800
21200
21400
30300
21200
16900
72400
17000
17000
17100
30200
17100
16900
17200
17000
32200
17100
17100
16900
30400
17400
19000
17400
17400
17600
17400
32400
17500
17200
19100
17300
17400
17500
33200
20000
17100
17400
17300
17200
35100
17300
17400
17400
17300
17200
18600
20200
20700
39300
17300
17100
17000
17000
30800
17200
17400
17100
29500
17000
17100
17200
20300
21900
34000
17100
17100
17100
17200
17000
17100
17400
17500
33700
17400
17300
17400
17400
17700
20900
21000
20700
19300
20800
21200
21400
21000
21200
21400
21200
21000
21200
21300
21500
49800
19100
41400
38000
21400
21600
21200
21200
20900
17500
21200
21200
21100
21300
21200
21100
21100
21200
21100
21100
21100
21200
19600
17100
29400
22500
20200
21100
21100
21200
21000
21300
21100
21100
21200
21200
21100
20900
20900
36300
21100
21000
21100
21300
20900
19300
21100
21100
21200
21100
21100
20800
21200
21100
21000
21200
21200
21100
35300
21000
21100
21200
21800
31300
17500
17600
20100
19200
39900
17900
17800
17900
16900
16900
36700
16900
16700
16700
33600
16600
16600
16500
28900
16700
16700
28300
17400
17200
28800
17100
17000
17100
28600
17000
17000
16900
32000
17200
19200
17600
17500
17300
17800
19000
36300
21900
16900
17600
19200
22200
19300
33500
17300
17000
60600
19900
21000
19900
17300
21000
19500
42900
16900
27200
19100
39000
17400
17400
17000
17100
17500
35000
17300
17500
17500
18900
17000
34000
17400
19000
19300
17400
17300
17300
42000
17600
21700
17500
17600
19600
17400
17400
19200
33900
21800
17500
17400
17100
22400
21600
20500
20000
23800
35500
17500
17500
17600
17500
17400
17500
17500
17300
17400
17400
19200
19000
72200
20900
19900
19900
20000
20500
20200
20500
20400
20500
20200
43600
17300
17600
17900
17900
17700
20500
17100
17000
36200
17100
17100
17500
17100
31400
17000
17100
17100
29600
17000
17100
17000
29500
17500
17300
17400
17600
17100
34800
17200
17300
17100
17500
19000
34800
17600
23700
17500
17500
17400
16900
34900
17300
17500
17500
19900
19700
19600
17500
20900
21300
21300
21400
31700
19300
17500
19300
19500
17500
19300
41100
17200
17400
17400
22400
17100
19500
35700
17500
17400
17300
19300
20800
17300
33300
17300
33000
17400
17300
17100
17000
17000
21100
21300
21300
21100
21200
21200
21200
21100
21100
21200
24600
20900
21100
21000
20800
21200
21200
21100
21100
21000
20900
21300
20800
20700
20800
21200
18200
22600
18500
19000
19800
18500
34400
17800
17500
18700
64100
19200
20000
21300
20600
21200
17600
23400
17200
17100
35200
17100
17000
17000
30000
20300
17100
17100
17100
19100
33600
17200
17100
17200
31000
17100
17100
17100
28000
17000
17000
17600
36000
21300
21200
17500
17500
19700
21500
17500
20300
34600
17500
17600
35600
20500
20500
21000
25900
20200
21000
20200
18100
38100
17500
17900
18100
17700
17900
17600
17700
17700
21100
17200
17100
33300
17400
17200
17300
17100
17000
16900
17100
29300
17200
17000
17000
17000
29400
16900
17100
29100
17100
17100
20200
17000
35200
19300
20800
17400
17400
19200
17500
31500
17200
37500
16900
20800
17200
38100
17100
20500
21200
21100
20900
21200
20800
21300
21100
21200
21100
21200
21200
21100
21300
21200
20900
19800
21100
21200
20900
17600
21000
21400
21100
35700
21100
20800
21200
17400
35800
17100
16600
16700
30100
16600
20100
16600
28600
16700
16600
29100
16700
16600
20800
16600
29200
16600
16600
28300
16600
16700
17000
32100
17000
16700
16900
19800
19000
19400
21700
18000
19600
17800
20200
20100
20100
20300
20300
20300
17100
17200
32600
17200
17100
17000
31600
17200
17000
17100
29700
17100
16900
17000
29300
17000
17200
17100
30600
17400
17300
17400
19300
20900
21300
17600
20900
21300
21100
17100
21100
21400
21300
20800
20900
21200
21300
19500
43400
20100
18500
17700
20000
20900
38800
21300
21000
21000
21300
21200
20800
21400
21100
21000
21100
21200
21000
20700
35600
16700
16700
34700
16900
16700
16700
32500
16800
16700
16700
28800
16800
16500
29500
16700
19200
16800
17100
17100
17000
17100
31800
16700
17200
16900
18800
34000
18600
18400
19000
16800
16600
38500
16700
20800
16800
16800
35000
18100
21100
20800
20300
20900
20600
40800
20100
20000
19300
20300
17900
17500
17500
17600
18600
21000
21300
21200
21200
20600
21200
21300
20900
17900
97900
78500
88500
90900
78700
86700
61300
61600
56600
60900
61500
60700
64700
45600
45600
45800
43200
41700
31800
32400
32300
31800
643200
31000
26700
25900
30600
26200
28100
28400
30700
29500
25700
43100
25900
41700
22000
22500
22800
26500
131500
19800
19700
28100
22900
22500
18800
57900
29400
23000
23300
23100
23100
23200
37200
20900
21000
21200
21000
21100
21100
21100
20800
21100
21400
21500
17700
21000
21200
21100
21100
21300
21100
21100
21200
21200
21100
38300
17200
20700
17600
17900
19600
21500
19100
42800
17100
17200
17100
17000
17100
17000
17000
28400
17000
17500
38500
29000
16800
16900
29500
16700
16900
16900
29900
16700
16600
16600
28400
26900
17400
21000
21500
20600
17700
17000
17200
35500
17100
17200
17200
17000
17000
17100
16900
17100
17600
18600
262700
21100
41200
21400
19500
18500
17600
20300
21100
26500
17700
19700
20900
21900
17900
38300
20100
21900
18300
20900
21400
17400
37600
21200
21100
19600
16700
16700
22400
36700
16700
16700
22600
16700
31000
16800
20500
19100
18400
17700
21200
21800
17400
30800
16800
19900
16900
16700
16700
19700
17100
17400
19000
19200
31500
19900
18100
20400
20000
18600
19400
40300
17800
17500
17600
19800
20900
49300
19700
28000
20100
20600
19900
16900
30500
16900
17000
16900
29800
16800
16700
16800
29300
16800
16700
16900
30500
16700
19200
16900
31800
16700
21800
17800
18500
21700
19300
18400
17500
20600
21300
20100
19100
18000
17900
20000
17700
33800
16900
16800
16800
31200
16800
20300
16800
28900
16800
20100
16800
29400
16900
20100
18700
17900
17700
16800
16700
39000
20600
20300
19800
19900
17600
18200
34900
22300
17900
17700
17600
17400
17200
21000
20900
20600
20700
20500
20600
20500
32700
20700
20700
20500
16500
34000
16700
20400
17000
31300
16800
16600
16600
30900
16900
22600
16700
17000
33700
16000
20100
19600
19800
19900
19700
19800
19700
19600
19700
19700
52600
39800
21000
18800
44200
17700
17300
17000
18400
44400
17700
20800
19800
19800
18000
20300
17500
17500
17500
16900
34000
16900
17000
17100
19900
34700
16800
16800
19900
17000
33200
17000
16700
16900
31000
16700
16700
16900
30200
16800
20700
17000
30700
16900
16800
19500
16900
33300
16500
17000
16700
32900
16800
16900
16900
29500
19900
16900
17000
29400
16900
17900
20000
19800
20800
18700
18000
18000
37500
22300
16800
16900
33600
16700
16900
17000
31600
16800
16800
16800
36900
17800
17700
17800
17600
16900
17000
35200
16900
16900
16900
30400
16900
16700
16800
29700
16800
16900
16800
31200
16900
16800
16800
30900
16900
16700
16900
30700
17000
16700
16900
31100
16900
16900
16800
30600
16800
46400
22500
19700
21100
16600
57700
20100
18800
20100
20200
17900
44500
20300
20000
16000
17100
20900
17100
16900
16800
20600
29900
16900
16900
16900
29500
16900
16800
16900
30800
16800
16800
16900
28300
16700
16700
16700
29100
16600
16700
28500
16600
16600
16700
29300
16800
17600
16700
31300
16600
17000
17000
36000
17400
17200
18800
17000
18200
20100
17100
32200
16800
16700
28300
16700
21800
16800
16700
29200
16700
16700
16700
16800
21500
16700
16700
28800
16600
16800
28600
16700
16800
16700
33500
18600
16700
18900
16800
33400
16900
17000
16600
32600
16900
