22168200
2505600
2521400
1987100
6428500
1725400
1148300
1396300
1046800
1091800
1014100
1204700
1144500
889000
657200
1153100
1268900
694600
950800
1155700
987900
1274200
1048600
1139100
1254500
1020900
1049800
2239700
1089600
1268600
1168100
887400
1141500
1014800
906800
1057400
1720200
1123300
2982200
790800
732200
828000
1926100
868100
988800
922200
1001900
1136100
863200
814600
922600
944300
1562700
994500
823200
806000
991600
777800
936800
1151900
694200
998500
919300
1186600
970000
846700
694600
473600
549300
490600
499800
500900
513700
535500
536500
603800
588700
931800
613800
450800
488900
485800
561600
756500
541000
1215200
749800
627800
707800
681800
699000
808300
498300
645900
735400
678000
662800
992200
677000
558900
2162000
511300
548700
563300
1392000
876600
625400
742600
640800
427100
520400
490000
514100
394400
533900
523900
480600
463600
545900
554800
468100
511300
523500
609700
510400
738800
598900
455100
585300
621100
597000
504700
622600
754900
555500
504600
597100
442300
521000
426700
572100
477800
450300
568600
585600
513100
512100
508300
619500
474600
564100
556700
646300
673400
789100
602900
786300
965800
593300
926800
543000
713200
514700
580400
472400
575500
523400
503600
458200
518000
466000
441100
584200
1104100
699300
717200
660900
593000
625600
627800
722000
664200
752800
658700
881800
811900
613800
689800
836300
722300
1599700
873600
770700
665800
610400
766800
556300
592600
677600
649400
1405800
719400
766300
740200
675000
554300
679800
721400
686300
1262900
722100
908500
706900
600300
974000
667300
1201000
1253200
2611600
1316700
1994000
3000100
1038000
882200
1101800
668800
588300
631900
2350000
768600
704700
628600
799300
665100
842500
892600
919600
1714100
821000
928400
830700
686400
742800
633200
588400
678100
633300
1228900
925900
746200
821400
708000
699900
840700
1551300
781400
968300
1289000
685700
656800
654300
640900
661000
642700
1176200
1591500
669800
987200
804000
703700
617600
698900
715400
1030000
793800
778900
737700
694800
832600
671900
712100
316200
251000
290100
950300
503300
284300
244400
238400
274700
243200
262500
282500
231300
225600
242800
264600
238900
261800
237400
252200
230500
398400
251500
443800
287800
307000
250700
232300
290400
247100
238800
255500
241300
274200
262500
306200
239600
417000
637600
257600
321300
281900
329100
244500
300700
245300
271800
241700
251300
262600
269500
288300
285100
545400
714100
299000
268400
257700
422100
276500
234300
331400
233700
248100
236900
260600
239700
257400
285700
244400
234900
225800
482500
644800
256900
234700
331900
248900
296000
229400
235400
262000
235900
240100
227700
234100
257500
228100
247300
272400
518700
600900
210100
196500
244900
281200
210400
297500
220900
188800
318700
251800
177200
245300
191100
352900
865200
444000
172600
215200
213900
262800
207700
180800
243000
298500
239300
239000
236200
205200
256800
241300
171800
195000
251300
595400
587100
257100
310000
273900
265700
274700
248600
231600
311000
219900
259500
260100
267200
246700
256400
236800
790300
336300
318900
248200
238100
240900
702100
301800
212000
293400
409500
190000
258500
172900
263500
231300
184800
177300
244300
266700
228500
249200
317700
222800
319500
512700
304100
245500
244700
327100
359100
156900
218400
166900
304700
224200
219400
235400
222100
252800
168600
257900
382800
237600
226100
264200
256900
235100
180600
263400
251900
229200
218900
231100
238300
223600
218000
168000
501400
480100
215900
288300
190200
342500
283900
230700
257700
266300
266300
302600
310900
272300
286700
242900
240600
246700
666600
417800
222900
399900
275300
196300
208600
381000
227800
221300
209800
258200
230000
480900
206000
185600
249000
234500
499400
221900
229300
181300
182900
279900
197300
303400
215200
197500
236500
220400
299600
171500
239300
175700
167400
224900
410500
277500
249100
231900
318700
291100
231300
233100
224800
171100
182600
161400
229600
222800
219700
236300
217800
192200
522600
283100
345600
293500
277800
249300
233700
614300
1105200
381300
307100
336400
343600
1355700
283800
1385100
235200
248800
465700
372200
399500
315100
218700
666900
228100
352400
246500
253700
224000
219200
186800
269400
171400
237700
197300
474000
273500
621800
220200
168000
259700
221800
222100
216000
167900
213000
242600
246200
217400
244100
318100
223800
228900
220100
486300
264300
278800
266100
224200
196800
296700
231600
252500
218500
175700
306000
268200
255600
254700
536800
423800
319300
256400
254300
240100
246700
268700
224200
234200
291800
298100
244000
259100
403900
240600
180200
261700
320800
334800
295400
260500
236500
231900
230700
246500
172500
228500
294800
325000
265400
183000
406600
284100
1017100
229700
228100
483800
241100
238000
271200
236000
178100
250900
325800
726000
226000
273900
234700
332300
234500
360800
261100
326100
521600
261100
248000
262300
263000
231300
187700
543500
196400
266300
282100
409800
197200
217400
248900
91100
92300
103800
112800
85200
100400
83800
131800
105400
90600
192400
114600
96300
77700
97300
165700
98800
119200
90900
116400
87900
91000
132000
119400
87400
80700
101500
103300
91800
91200
142700
118900
158300
132600
99900
99400
255200
98400
75000
173500
107400
106100
158600
111000
125900
92000
75700
84000
68000
139900
93500
114100
87200
82600
91100
111900
107500
114600
94400
150500
182200
135700
89700
110700
115000
107800
293900
111600
191100
101400
134300
107700
88900
85400
105700
264900
173200
206800
281800
112800
441700
126400
78800
111000
90900
109800
101600
110900
105300
97300
98800
126100
78200
83700
78600
152800
96000
132200
93800
93000
85900
92700
126100
167400
100000
118800
112600
92600
68300
267300
119500
83600
100300
113600
78400
70900
85800
74900
117100
126500
100500
89100
91900
87600
97400
75300
85600
72200
100100
84900
101300
106700
76900
125900
122200
108100
76800
105800
98900
102300
98200
109500
137700
118800
124100
98300
117500
171000
82400
72100
123300
95400
169400
113300
141900
158600
135100
114400
151300
99000
96000
102500
115900
362700
163400
95600
133100
134500
101800
108800
86500
90800
94100
106500
202600
76300
103700
96900
106100
106100
117800
91000
105500
90300
73800
97400
90200
105800
97400
91700
129200
220700
108500
123300
111300
92800
107100
115700
97000
94600
97800
106600
91800
119100
76700
90700
74200
102900
104900
105200
87600
100600
105500
132200
89700
106500
118300
87400
72800
71800
68300
79900
82300
90800
101800
75500
94800
100000
93100
89100
94100
74200
74300
99700
100500
112100
69300
255700
98600
97000
99000
186100
79900
108200
74500
86700
82800
73600
96200
74100
72800
70800
68600
80200
67200
68100
78700
75200
84500
96900
78500
137200
99000
95400
73800
88000
123900
87100
93200
85100
83000
94300
98800
88200
96100
93800
166000
94500
113700
97800
75900
85300
77500
76000
104300
101400
94900
81600
89900
112500
86900
93200
98200
125900
96800
97500
100500
158700
92700
106600
148600
99500
98400
104100
94100
98400
130400
86000
115300
104100
90300
109700
116500
106600
102000
89400
120100
110900
146900
111700
127100
109100
104100
125800
129300
133200
102400
180400
113200
96100
116000
121300
137300
97800
147000
135800
193000
141700
104300
114500
118500
194300
612800
175600
187600
108300
190600
103500
159300
118400
121800
116600
239700
105100
173000
751300
115000
86300
95800
95000
89400
109000
101200
147500
154100
99400
90600
122000
112300
162300
103100
198600
91400
271800
124400
102400
141800
95000
164600
107000
160300
114400
108500
122700
170400
92700
128200
118500
105100
106300
140700
112500
275200
130100
97000
612600
89600
111000
218700
176900
98800
111900
125300
161400
108200
95700
111300
129200
109100
99400
103800
99400
95300
104600
106300
314900
106100
118100
105900
99600
109900
153900
133500
135900
109900
90600
99000
132800
80700
120800
105900
261700
106400
218100
205700
100800
94100
88500
351200
186700
88900
140100
280800
316700
97200
126000
109400
112500
123900
132200
111600
156600
117300
91900
129500
116900
144100
83100
136400
111800
108000
104000
93800
129200
150300
133000
113500
160600
94000
106900
104100
193700
97900
91700
138800
118400
143700
110300
240800
258000
88800
113200
120600
94500
268200
117700
107500
98600
139900
95000
97300
95000
226200
113700
157400
107000
89200
137000
111200
90200
100700
96600
114300
90000
96300
132000
103300
109900
185700
168300
129000
95500
157000
115300
457200
433300
99200
116500
111700
93700
123100
170000
381700
101400
107300
98500
141700
103000
107800
1899300
129200
114300
180900
176700
161000
90400
94200
259500
217300
91500
110900
118800
117200
94400
130800
212400
113900
108600
105800
386700
122300
117200
97600
104200
119900
110900
114000
134700
154400
106500
104400
113800
179800
111100
91700
200800
209300
172100
171700
205800
123800
91500
109100
97600
120700
246500
88600
90200
119100
96900
110200
108500
114400
95000
112300
113100
101100
77200
90100
2021600
95100
98000
97100
113000
99600
101100
96800
118900
98500
103700
99700
114400
116000
96600
102800
381500
276500
113800
208700
100900
93500
255100
101100
166400
147200
109800
97700
130900
120300
95900
90200
385000
132200
153200
100300
121300
156000
150600
102800
168200
112600
102500
95300
204700
124700
137200
176200
107400
161100
209600
179700
126800
99800
99400
145300
195100
92600
91300
90300
156400
134700
108100
118000
126000
133000
162900
90100
173500
176800
677700
207100
3428000
404400
125800
406600
148100
122500
93000
99900
221500
120900
95200
138900
226900
200600
97300
169400
123900
105300
94200
150200
166400
116600
99100
186900
114200
95900
191000
152500
127400
101500
180900
137100
98000
89300
123100
182600
116800
152100
150200
113400
118700
101900
160500
177000
89900
114900
109400
186700
106100
102600
138100
112700
167500
110200
123200
114400
107600
103600
96400
122800
119700
157500
99300
240300
184000
97300
117800
117500
100500
233900
105800
136800
107500
191500
120000
116000
110400
100900
169900
121400
90500
246800
109900
118700
143100
113800
112600
108500
91300
105600
86800
104400
97200
83400
114800
124600
96600
112000
301600
151800
403900
109300
506500
129000
129900
198300
111200
102800
114400
118500
93000
141500
232500
118800
109000
109400
91200
104000
96900
120300
104300
102200
105000
102600
91900
103900
83900
83300
93500
99800
83100
95100
93500
139400
162000
120200
93300
89400
105100
94800
69500
103800
117100
98100
82400
98600
116000
106500
60000
106600
91600
72200
72100
83600
109700
87800
77400
66700
92700
74500
73200
95700
394500
92000
106200
151300
126800
106000
119100
89100
116100
158600
106700
100100
122200
107400
107300
96600
83200
96600
92300
81900
111100
101400
106000
79500
92200
107500
121200
185800
126600
111200
122700
204700
138900
94300
80600
180900
124300
107900
66000
112300
189600
95100
132200
90900
143300
123600
87900
177200
87400
105600
109500
110000
107300
76600
112300
113200
135600
78300
272900
87100
99000
93900
69100
116600
149600
69900
101500
79900
113200
157700
105800
100200
105700
93300
72900
83500
77400
61700
69600
99400
110200
107500
112200
130700
115300
115200
68900
133800
103200
68100
70700
188500
106000
69600
67700
86600
73000
69800
68400
81000
73200
68900
83900
112200
112600
112100
112000
94500
72500
108000
111600
123200
137600
115100
107200
109400
101100
124100
95700
110200
90400
95100
106400
116000
102100
92100
103300
119700
104600
104100
112000
94400
105100
93800
107800
104000
109500
137700
109600
109000
132900
108200
68100
70100
110100
110600
88500
87500
95900
70300
95700
110300
98600
104400
119400
121100
103700
100600
95100
100300
99500
108800
151800
101400
93600
104100
128700
101600
89300
82200
124100
101000
99900
91700
105600
82500
93500
86100
138900
86900
95000
101300
122300
113800
130000
114200
139700
82300
118100
84100
90500
82900
83600
108500
136600
84800
138600
82500
101600
89000
98400
98000
133000
75300
102500
127700
102500
285100
86600
102100
140500
93600
83900
70400
97900
85400
95500
109100
115800
91800
74400
109300
82500
103100
99400
96300
115400
117800
95500
106300
105100
107500
99600
83500
111700
83900
96500
83600
88400
102200
103700
105400
99300
100900
117100
124500
83700
81600
69700
68700
82700
116200
84200
105600
88500
158500
98400
143800
86500
97000
97700
97100
151000
93500
99900
114800
106700
107800
80200
73700
99600
99400
91600
109400
95300
118100
116400
119600
121100
100200
92600
112100
106200
105700
108600
136300
117000
98800
116100
123800
102200
89700
105300
107500
88400
103000
166900
146300
103200
103500
93400
106200
118900
109000
113600
141800
121700
103100
338400
116000
122600
132500
106900
318600
95500
189600
81800
137200
96200
98600
115100
157800
115800
96200
101400
105100
121400
97900
120300
128300
104800
156300
124400
190600
110400
112700
121900
152700
104600
110000
116000
102800
121800
418600
137000
141500
103200
97500
90600
167200
126600
96200
139100
167500
124000
115500
123100
164100
121000
138000
2845000
97900
88800
89600
97500
81500
196900
111700
108000
105400
98000
104700
146900
149900
162600
116700
126100
117000
96000
104400
106100
76200
73500
110000
92900
170200
95400
105000
94800
156300
103200
137900
88300
96600
69900
86500
109600
84200
86700
124500
366700
89200
97000
99100
128000
130700
124600
109300
137100
100100
94500
89000
89100
134100
99200
108800
173100
122000
114300
98800
115700
182300
722100
124100
194600
128100
173800
287700
122000
93000
135300
193100
132700
122200
317900
98500
130000
96800
965000
102500
119700
198300
105700
159200
213600
227000
93200
100300
205600
225100
113100
320400
251100
101100
178300
88900
150400
199900
5187900
373400
142500
112300
88700
191200
115800
354600
88800
113000
95000
84500
125100
208400
105000
93200
87200
99900
94100
126900
133300
111000
101200
97600
85600
104800
91800
92600
5161200
997300
1258800
1138700
1052800
557700
911500
892200
1047500
2290900
968200
1464300
1141800
895400
1018800
674600
1332600
957400
1642700
1873300
854800
1279000
1269300
1607000
972800
834200
1342900
1596400
1141000
1374100
655700
1715100
598800
514900
506900
819300
2661100
1130200
1266900
718600
1642700
653800
1198400
1442600
772300
1610400
1039700
1194000
830500
683400
952800
437700
439100
1079800
2141500
929100
872900
1257800
956600
1446300
1031200
696800
1107700
3667100
669600
872000
658100
532700
718400
635600
645600
375400
583200
496800
356700
528000
642400
547800
446600
633200
625800
657800
583000
671000
711500
550400
472300
737800
515500
509400
469000
461500
571400
374200
498600
550200
477000
497200
622700
518000
482500
1024600
644700
641900
702700
592900
631400
632000
483400
663100
558900
746900
632200
599500
675500
726800
464100
559700
824300
651600
619000
637800
540800
458700
851600
649500
552200
862100
593900
558100
538200
537100
520000
629500
582700
501000
561600
478300
637300
520000
567400
485000
640700
928000
613800
703400
482600
501200
676300
445400
483400
539200
776500
461400
662400
1569400
536900
758800
550900
675200
688300
546600
574000
533600
631500
504600
2513000
443800
467700
458100
498500
555200
492400
624200
745500
484700
474400
552700
390700
375000
627000
545400
640900
530300
1005500
509400
499600
544100
479900
681000
528500
523700
504300
486900
657500
629000
952200
459500
643800
760000
532100
726500
480400
519900
473700
630900
531900
661300
532900
483200
956000
611500
478900
781100
622700
504000
659800
495700
556200
517100
594900
538600
710200
473100
662200
659000
627200
966500
587500
540400
569700
542900
683000
555000
677500
525100
493800
514800
520300
483100
789600
530800
468300
527900
642600
543400
530400
487700
548100
569400
512000
561200
576100
535600
944500
654900
504900
1162100
582800
665500
554000
660200
639300
573000
495000
945500
483600
527800
457100
547100
459200
543400
523600
721100
547800
538700
612800
516900
572200
546100
467800
799000
452000
720300
651600
532200
582400
473800
525300
666600
603900
679100
459400
888900
612000
645700
544600
489200
1464700
646700
534100
486800
649800
658200
549600
599100
1660200
458300
506700
536800
448100
477400
405800
469700
1452000
777700
570100
645900
648300
561900
1057500
608200
610900
524400
501600
603700
482400
127000
115100
104600
88400
119600
98000
92600
97600
102000
130200
99200
168000
89500
140500
95600
119500
116100
131800
122400
112400
104900
146500
117400
101000
104800
131800
204600
116300
117700
131500
102500
103800
115100
130500
106600
99300
108400
118500
103000
95800
99500
108800
108500
107600
105800
141800
93900
114700
99700
119500
116600
93000
101200
121400
81600
104100
119400
125600
118800
105100
104900
110000
93700
105300
97600
102100
107200
108300
80600
118300
94400
149800
84700
123100
105200
126700
179800
111100
105300
112500
109600
146100
114400
109800
118500
124300
114500
116200
98500
103100
110000
96700
106400
135200
115800
102700
113600
109900
102400
94500
107600
131900
103800
92700
88100
131400
96800
92600
131000
114300
92800
94100
121500
100900
97500
109300
113000
100400
90200
96100
111200
98800
94000
113400
133100
97600
95800
112800
104300
96300
87100
101200
123600
107700
98200
103700
110500
92700
98000
100500
114300
101300
119500
114900
114200
137200
110700
114800
133500
117500
113300
106800
118600
91500
87600
86800
110500
103800
154500
92800
109700
100700
94600
102800
126700
118200
87500
103700
210300
95800
119200
114700
107100
85600
115400
118600
122300
119500
112900
112800
138800
117000
108400
104200
113300
104800
144200
114700
119000
97900
152000
113200
125700
94200
148100
97000
128600
115000
104500
110800
147700
94200
136300
90700
104000
94100
121400
95400
97500
99500
99500
141600
110800
101400
96000
100100
97100
114900
116200
118800
122400
163700
165600
115300
146400
117000
121600
119000
106600
117000
117400
122700
85400
110000
87100
101600
119100
118300
128800
120300
137300
121200
154300
147600
121900
111000
204600
118700
114000
204700
177700
114600
88600
137200
95100
108800
115400
119500
112700
118900
85700
80200
87100
102300
83300
99100
97200
94300
76600
94000
95100
81200
133600
123200
117400
137300
125000
100200
94200
123900
119400
99800
102000
116000
95400
90100
87600
129700
91000
83200
93800
106900
84300
86800
95800
83800
124800
112600
113600
106600
106100
101100
86100
122700
104100
93200
116800
111600
110200
113600
138800
112800
132600
103400
126600
117700
115000
79000
78000
105000
114600
92100
131900
142000
108500
92000
112200
80400
102000
110600
103100
118100
96900
172700
98900
99500
84800
77600
106300
117200
112600
97200
138000
116200
113200
162800
117700
121400
103000
99200
112700
101000
103700
109100
128200
107800
107900
108500
122100
109700
106600
116400
139700
113000
114300
107600
114000
179500
100900
111300
165500
116200
93000
113600
138800
92500
94900
164800
94800
101000
83300
142600
91900
85300
97200
84600
91700
111700
89600
105800
110900
101700
88200
84400
115300
120900
99200
111900
125300
89100
111500
119100
106700
115300
161200
139700
99600
111100
104500
132900
115900
121900
130400
107500
101000
101200
114000
113300
100000
215300
97100
124100
118500
99700
107800
107900
136400
100100
107600
406800
153800
103300
125800
1854400
115000
98000
105000
105800
110700
100000
119300
127400
97800
102800
115400
124000
109000
115100
100000
126600
102900
101600
118300
99900
103500
95200
147000
136800
120600
121900
157300
113300
99200
111500
103300
113100
96800
111200
99900
120100
117800
112500
115700
129900
103700
99600
118200
127500
106300
110000
105200
142500
98400
125400
117400
204200
92300
111100
139600
131800
156200
99100
124600
111200
109300
100400
96000
125700
96900
98400
91000
94400
100300
94600
107600
113600
95200
112900
138700
103500
98000
97900
116200
101400
109800
166500
101300
98700
119400
109800
116900
183300
134300
112700
116400
103400
115200
122300
128500
114600
98500
90200
110300
134200
101500
109900
123500
96500
118400
118700
122600
98600
109100
107800
136700
92500
88600
123600
117200
94400
111500
119700
137700
109700
97800
96800
111300
117400
113000
94800
148200
108100
115700
96300
105100
140800
98600
115200
132700
114200
115600
101200
100400
112200
93100
128100
120200
95400
101500
93900
103400
91700
99500
126200
130400
109400
100800
100300
101200
113800
95600
91900
125600
137500
124900
96800
119500
106900
119800
113800
115400
110300
96400
113900
120300
125500
109700
138600
99300
178300
99800
121200
114600
92500
98400
117900
95600
101600
102500
104000
124200
116100
112800
135700
127300
118100
123200
119600
136400
97300
100100
121000
99900
106300
91500
116600
97800
116100
100800
112000
103200
95900
100700
122900
97200
96000
106400
132700
145100
103700
100100
106800
100500
104900
101300
114800
128800
94800
134200
105700
94900
103000
98400
118200
109300
235000
100500
108600
93700
192600
91400
114500
126000
116100
100800
112300
94300
94100
88400
135000
98700
94300
118800
105000
96000
89500
105800
121000
89600
100500
96600
123000
118300
103300
95700
114100
147800
141000
103800
108900
93100
107800
108500
99800
98500
107200
95500
91600
105700
112600
129200
113900
114100
102900
105500
91500
96800
91300
118000
95800
124700
116600
123500
121900
96500
104300
111700
115500
126400
101400
154700
108200
131800
92300
131800
114300
95800
128300
102200
130900
101000
114500
119500
102200
93800
102700
103500
105800
96500
109800
140400
120600
117000
103800
110800
122300
129500
114400
174800
94000
154000
115100
110200
96800
154100
165200
133500
114100
111100
329400
110200
102900
100400
94900
125100
105000
86500
122500
130600
96200
96000
190200
114500
94800
128300
141400
95600
96700
95000
96800
108300
116100
107000
95300
115100
101900
97000
98400
96800
113800
135200
108300
105900
127400
194300
198800
88500
105800
194000
136800
94800
138500
90200
113800
93300
98800
105000
102700
97100
99000
101300
117800
97100
113800
114800
114600
101000
118300
105100
107600
90900
106800
105300
279200
120100
104300
100900
111500
89900
100400
101900
125100
121700
112800
108100
120500
123900
99100
100800
106900
143200
98200
102300
198400
90700
125500
111500
118000
105800
99300
101500
113700
98100
95900
95700
121100
115700
93400
250500
121000
91700
92000
112300
102300
104900
92600
107100
125900
109500
135700
107100
112200
765800
113100
115000
148000
101200
105100
92100
99500
178600
125800
100200
123100
99600
94700
96000
92500
110200
118700
131700
118300
107200
98300
112400
109300
108400
108800
120100
120800
106700
105900
105700
102500
100300
115400
149900
110900
128000
134900
139100
114000
106200
110000
133400
116700
130700
95500
107800
97700
92600
97300
115300
104500
93000
98300
120500
113700
114400
92100
122200
115800
120600
121300
103800
103500
98800
113400
161300
97800
123900
114700
112200
120400
122600
105600
122300
113700
93200
100300
111300
118600
99200
106200
116800
122500
105700
96200
111400
102800
94100
94400
105800
98300
118000
137600
145500
111500
105500
104900
110600
95300
94700
106400
165600
155700
124500
93400
115000
109300
115300
117600
111800
106200
91500
125300
107200
115000
152000
178100
111100
119800
125900
150700
115300
99500
96200
123500
139100
97000
97300
118300
94900
91500
126000
119800
118200
112900
98300
130300
115800
117000
117600
120500
108000
95600
93200
1753500
113400
94200
95300
110800
98700
98900
96900
111000
186500
106500
168700
107600
101500
103200
149600
269700
115800
118600
113200
110700
97000
89100
94900
107000
97700
100200
96800
117100
95400
314100
99500
166700
103900
99900
110300
109900
105800
99600
106200
100100
132200
97100
102900
114800
94700
98400
94600
107500
115100
118100
147000
106500
116900
207200
120300
130000
159900
114900
117700
105100
94500
88000
108400
185000
118500
101100
95100
91800
91900
692900
128700
101000
99500
98700
102600
104400
104100
91400
154200
118500
93500
121600
116400
89500
108200
98500
132100
100000
117400
103700
138200
104600
98300
236400
133500
126700
103000
96700
112100
116100
97500
99500
120000
89100
116800
120300
123700
133300
89900
88000
116000
114600
124700
105900
117400
89400
121600
124200
132300
94400
104400
118400
118100
95500
92800
94100
152400
94300
133800
94100
126000
96600
101000
111400
135700
96200
103500
111700
107700
90600
123000
89700
141000
97200
97700
100900
116200
114300
94800
111200
114700
457400
102900
108000
299100
100300
102800
94400
114300
102900
96500
95700
122100
114100
116700
142700
95000
166800
103200
111800
102500
98800
81000
116600
101900
105600
101000
110100
111600
107700
102800
344300
142800
113100
122100
128300
104300
97400
92300
120600
200700
119500
102300
165900
100000
96700
150900
113900
118600
114500
251000
140600
110700
93300
105700
130300
125600
93900
102900
121900
108800
123100
108200
182200
109200
114800
117300
106600
105400
111000
99900
147900
115600
114300
117200
118900
105500
339400
133700
132100
115300
106900
95200
130000
116000
99700
115700
114300
91800
114000
89600
116200
109700
104000
166700
135800
118100
101700
111300
104900
115100
89200
130600
111400
165000
93500
118700
111800
107000
278700
121500
123400
98800
109900
166900
95400
125300
95700
114300
93200
102000
130200
132300
90100
93600
130700
132100
105400
108800
97900
97900
98100
102200
123400
118200
103000
122800
113700
129100
112400
98700
117700
121200
67400
140500
88700
160000
91200
117100
122400
152000
115000
128000
95600
88100
95000
97600
106400
138000
101800
119400
114100
106800
188300
114900
107600
133100
116900
116600
104200
103000
112200
135700
115800
140300
107100
99400
107800
117600
94200
135700
133600
129400
113200
159400
149200
81300
105100
80800
77800
109500
116800
109800
101300
131000
104500
164200
133500
116400
134400
150300
130300
168100
117000
230400
124100
119000
95700
108000
120100
123200
120600
107800
118000
117900
116600
118100
135600
102600
120300
123100
119100
126100
141600
103300
126800
111300
113100
140000
129100
106200
112700
97000
130500
114200
77100
99200
102300
114000
114500
119300
120100
130600
93600
95900
138900
100600
99300
138000
159000
93400
90900
107400
128400
94600
108000
109200
107300
128400
103400
104300
116100
100000
95700
97800
111100
130900
110600
106700
340600
106600
143700
157300
131200
118200
115200
110900
118500
92600
100900
102800
108500
100600
151600
116200
127100
123700
117800
102600
128800
96700
100400
100000
133400
608700
115600
101400
101600
97300
108500
115900
122100
129300
95500
114000
123500
115700
100800
165800
117900
104800
101600
97600
158700
200700
99000
120000
109800
106100
124200
147800
110200
113200
117300
131300
115100
86200
99100
119200
114700
190700
135200
103600
124500
113000
113200
109500
122200
96700
165800
123200
271700
109400
214400
186700
116800
118000
249800
112300
96000
103300
124100
106500
89900
104500
96600
116400
95700
119600
106900
117100
112000
95300
115000
885900
116700
122100
219900
141300
97500
132700
117500
114800
109200
90300
93400
137200
103200
94300
95900
119900
144800
99400
101600
121300
117900
111600
359000
117900
99700
120500
146600
136400
112500
92300
100200
112400
95800
98000
99600
95400
101300
94300
104300
120800
100200
89400
152000
154500
176000
106500
106100
115700
121000
116600
97300
105300
97700
125800
133000
118300
121700
113400
110300
98000
138000
106600
113200
176600
98500
127300
118500
113100
122800
132400
249400
107800
97000
116400
123200
113400
117900
121900
1788600
155900
113900
114300
105600
93700
97500
97400
106300
115900
111300
102500
144500
154600
152500
94300
182600
183600
106100
111000
163200
120200
84500
182000
108600
115700
114900
124100
121700
117800
98400
92000
128600
198700
120000
115300
100300
94000
113800
117200
111800
114200
109500
114600
126300
104500
109300
114600
122800
115600
127100
123200
3032600
992400
853100
724600
725500
742000
774700
1160800
998100
852300
1172800
924500
985200
862900
1435400
2537300
1342800
1236600
980600
1233300
1197200
1563500
1248500
941100
1079500
1058300
1125700
1171500
1296700
959000
1064500
1438600
1507700
878600
1299400
825600
987100
1304200
901600
934400
1159500
1394200
993000
999500
1059400
1055600
1177800
1199200
1023100
1324200
1129300
1015000
1168600
1118700
978300
1661000
1125700
959100
1402300
967100
1117300
1311400
1390000
1591200
919100
644600
542000
623200
613000
625700
573200
570900
557900
580400
654800
589200
652900
617200
612000
565800
1030200
606300
864300
542300
627800
609600
621600
549200
573000
501400
658300
550500
610200
1060200
732500
688000
581100
732800
511800
567300
816900
533500
538600
1377600
541300
859000
573500
727900
1130800
551500
1312900
1125400
477100
879600
846600
660000
578900
526800
968600
583600
752400
691900
639900
493300
505700
490600
552900
746700
532600
954000
563500
645300
556400
837600
629600
539000
421300
560700
432700
336000
871000
573500
547800
693700
509700
492400
548700
677300
455900
323000
565500
563700
491200
451200
507700
459800
581600
474300
496100
535900
522200
526200
503300
446500
677800
722400
2086700
693800
393700
345300
582700
479500
526600
496200
496700
568400
578200
503400
679200
520000
527500
454900
656300
772700
495000
476000
526000
510400
494100
547100
531100
649200
498200
536800
453100
590100
548800
490400
751200
546500
602800
502000
607700
515400
501200
507500
528400
513700
558800
483900
503500
595900
527800
541200
531300
530800
711100
536500
587700
501000
489000
543700
756900
457000
793900
463600
509900
577100
477100
544200
507400
536700
548600
579000
512600
567300
556200
518900
512600
492900
707700
507100
526900
484600
533400
484400
440300
510500
666100
465100
469200
545200
473700
543300
508500
528300
578900
710100
480400
495000
535600
548600
498400
611900
617800
1003900
385600
327600
588400
358000
550000
499800
368300
679900
482800
470700
444200
486800
394400
402800
398500
608200
458900
539900
483300
529200
502200
515300
515700
597600
731000
544800
638000
427400
454300
475500
544900
481200
758100
617700
491200
654300
504800
571800
593000
486500
678500
457400
490000
523200
498000
526300
774500
468700
695700
506500
638900
132700
128800
89300
96700
107300
103500
70300
103100
111800
100800
103400
88000
112800
92900
75200
84300
129200
108600
105700
74100
133200
102000
91400
110600
100600
91500
127700
112100
87400
95700
94900
126200
94900
95700
93100
105100
96500
107400
68200
86200
97300
72700
106000
86300
99000
111600
92000
96600
103000
96800
86700
114700
105900
134400
107500
115100
82000
102400
103400
99300
91500
79900
74400
142100
100300
74800
84600
101200
74400
75000
66400
87100
82100
86100
72100
77600
86300
85100
104400
81700
94500
105200
106900
103100
102400
93900
91800
113400
90100
108100
90800
83100
95800
103200
93400
111900
102100
109700
108100
97400
100700
94000
83500
103800
94900
99100
103900
114100
99100
87000
100500
122200
101400
85300
100400
105900
93100
102400
104100
92100
84800
93500
102000
98100
105200
107500
122200
96500
94700
115300
130300
103900
91000
124900
108000
95200
96600
115300
101800
93300
105700
89300
117500
94300
147000
81500
85500
69400
89200
95300
126600
100300
99300
106000
110500
118400
118400
86100
110700
90800
111900
111700
97400
88500
89400
100600
108500
132100
117400
109300
101900
83700
102200
91200
107300
88100
83000
97800
102100
90400
89200
93400
108000
92200
83200
66800
111400
98300
94700
84400
114800
86000
93400
103300
79300
101000
102900
115300
92000
94700
83800
73500
109300
104200
91100
123200
130700
120800
96600
111200
103200
105400
92700
102800
163800
67600
79500
72500
122700
103900
87900
112900
128900
104400
95300
211700
104000
124600
101500
156300
136800
126400
91600
91700
83300
66200
103600
90000
86800
93400
81000
78600
98600
92700
90900
121800
90100
119500
181600
107800
96500
70100
92600
108700
98600
106800
123100
77300
91600
154600
108000
122800
84000
88600
117000
99300
86700
103400
102100
122500
89400
73600
92300
123700
84300
77600
70400
124400
91200
91400
113300
90200
106800
91000
125800
106500
95300
212100
141200
129100
185400
95800
84400
130500
117700
109800
89400
96700
103200
132400
111400
155600
94800
135700
91400
102300
75300
69900
66500
89900
82500
83000
69900
139900
120400
106700
107800
111600
102500
99700
116100
120700
199000
204900
96400
89900
109000
121500
95600
93100
86900
93100
109300
110400
98600
53300
117000
150400
117400
98300
97000
98500
95900
96800
100400
86500
101000
118800
515400
126400
104900
93500
82600
108400
89600
93000
125200
94300
115300
108800
113400
93800
93300
92200
115400
105900
103700
88400
162300
109800
156000
89100
175900
180800
109100
94500
98200
101100
94800
100300
167900
117000
93000
146700
121600
87500
92500
96700
341700
120200
157100
264700
107200
122900
154900
145300
129200
107000
121100
259300
121900
189400
116200
105300
140500
129200
115700
96500
198400
164000
114200
289800
96900
147700
98600
127900
97700
90700
133000
130400
88800
110400
108300
191900
91900
91300
154300
376800
110700
191100
101900
111000
93900
93400
174900
112600
181100
111700
147600
112700
281100
91900
180000
2444200
102300
105200
91100
154700
127000
117000
121200
150700
87900
105600
120600
112500
127200
99300
153000
333000
107600
106500
118700
115800
95200
209600
138400
117400
112700
166300
138100
124900
119400
199400
105600
163500
102600
107800
140400
128300
168900
133400
112400
114400
141900
97600
346000
101600
108600
128300
109300
107500
135600
148200
120100
114400
128000
103200
89000
136200
92600
162600
96300
187900
98600
100300
98500
176200
115000
115800
135800
162600
188000
189500
153900
87400
125600
93500
178600
116500
115100
120400
240700
136400
107800
113200
238300
107600
113000
112300
113300
97300
109300
200900
102600
92800
79200
103400
92100
94300
86200
107700
85400
98700
103000
232100
125100
86800
104700
102600
85600
100500
77100
77300
90700
100100
76700
76300
82500
83900
76600
76700
89700
242900
103100
184100
99800
386200
180700
188600
215400
99500
95100
123000
116600
110800
130300
130700
125400
98900
181800
89200
150100
88800
108100
88000
131900
115000
95200
157800
104500
101800
107600
119100
146900
90700
115800
100900
138300
88700
114100
132200
232800
97000
90700
100300
101000
138700
121600
95700
107000
116000
89100
99100
147800
215000
96700
148300
97700
108300
128400
106300
134900
91900
105200
128800
123300
109800
117600
205000
128300
96600
94200
122000
110200
130900
97300
186000
98300
90100
100600
108200
150800
95100
181200
106800
114200
204400
106400
122700
97400
90800
156900
153600
177500
133300
197700
123300
96800
101400
121500
287200
206200
151200
316100
110700
102000
99900
122300
115900
99500
99900
160400
155400
104000
110800
269400
152400
101100
89100
120800
130200
120700
123700
169700
119000
114500
126700
108500
204500
108400
125200
113300
115700
101000
150300
143200
124100
113300
95900
94100
105600
130400
113200
114000
120600
96500
108800
113200
239300
107800
135100
125800
129000
94300
87900
120700
147200
109900
89800
131200
121400
142400
243700
82200
184900
114300
98900
201500
90900
104400
233500
110700
358200
104400
353400
169200
104300
121500
185300
101000
430100
88300
109800
136900
98700
117700
112700
124100
120000
104200
116600
118400
101800
92700
100800
105500
104800
110300
156600
290200
119300
89700
114000
130300
94100
263100
91600
116900
92400
75000
83200
81900
99400
102700
107900
110100
103500
93900
168700
118600
143400
99600
100000
117700
91500
90100
82300
111600
83600
95200
95800
140700
94700
104100
108800
115500
108500
100200
96600
121400
101100
103400
99700
101200
138400
94100
111700
110600
102100
101900
86800
111200
99400
86400
109600
92500
99500
86100
109400
84200
105600
103700
151000
117700
86100
92600
89700
122900
86200
102600
108100
120600
104000
218900
100900
95100
101200
102100
171800
91600
96500
88400
118600
87600
152600
80500
120100
118500
109200
101700
91600
122400
98600
85100
113100
101000
85100
96400
118900
96200
105000
94100
116400
97800
105700
102200
105400
102900
97800
114300
100400
106300
84700
123500
102900
103900
84100
96500
100300
89300
104400
94400
98700
103400
121500
124700
119700
111700
110200
119100
119700
146600
102900
92900
128600
90300
91500
302100
104500
98300
150400
151800
99800
83100
111900
101100
89200
89200
106100
113900
100000
75200
83800
111900
78300
85200
98600
108600
106400
73100
83900
93300
97600
137600
98600
93000
97900
102500
113200
106800
99800
101600
96700
105600
100900
95500
90600
103500
115100
69700
156800
84800
69200
78500
106100
109000
91600
93700
93100
89600
71800
95700
118400
89600
82600
92500
113000
104600
91900
96100
99400
218400
67100
93100
76300
77800
78900
100400
73900
84200
79700
123000
110300
110800
67400
93900
76400
81800
98900
109000
68800
81900
81100
72200
93000
89000
97400
94800
105400
105000
105900
102100
92600
79100
94600
77500
95300
116100
71900
89100
94600
110500
108300
104000
111100
92900
103200
107800
108400
109500
98100
85800
92600
97400
94600
95800
118300
111000
99000
99800
111200
120900
150300
117200
94000
69100
110200
96600
81600
92700
94400
68600
106700
110300
65300
97200
1627400
93800
74700
68700
125500
88400
76200
70300
77700
77900
74900
103300
88000
72400
94900
122100
92300
100400
92900
84400
82200
104100
83200
90800
116600
89300
91500
95900
109400
83200
146400
117100
159900
91600
70400
88900
113100
76900
73400
108600
184700
90300
67800
77900
72100
66400
97800
92100
83900
67900
92700
118200
104200
65800
95700
112200
112500
93900
156000
69000
77200
84100
99100
103700
94600
97300
89100
119900
87900
93300
96000
107700
74100
86400
80600
99300
95200
92900
114200
109300
100900
87900
84500
89400
112700
80600
111900
104500
78400
96200
91100
100800
108200
109600
106200
121500
106900
95500
78800
86900
103500
101700
123100
113200
97800
94200
115000
90700
125700
115600
84900
119300
105700
125700
103300
99400
96100
124400
108700
124500
104400
164300
91800
107800
115800
107600
114400
119100
103800
103700
120900
100700
110900
100700
102700
120000
106000
102400
107800
100900
85400
83300
108000
115800
100000
116700
155100
122900
75800
71600
71800
91800
71100
72600
68500
86800
89000
74800
66500
90600
71700
70200
108900
99000
99100
104700
89300
99500
95300
93200
90800
93200
108100
123100
109700
91900
121200
116700
93600
92100
98300
107900
122000
77700
108000
85900
102000
76100
125200
98100
80100
67000
78900
105400
115000
67500
66600
134000
155300
107400
95500
67400
72300
63800
107200
103500
111300
90200
72800
72700
101900
128500
198000
90200
120100
95900
106400
102700
84700
75500
95900
145100
115100
126700
105000
101900
139000
93700
188600
120000
110900
69000
134000
108100
73900
73700
91000
82700
109500
112600
87200
123100
104300
223600
69600
70200
120300
106100
72000
113900
83000
69200
98400
84100
77500
66600
117100
88600
93800
89500
95900
89100
124000
106700
105000
87200
99500
93500
91400
116800
79100
108100
83700
74700
66100
82900
91400
141900
98900
85400
84200
74100
67300
107500
119400
85600
76900
66200
151100
74500
95800
94000
105300
127300
97200
90800
124500
163100
102200
95300
103600
94000
101800
103400
105300
123400
94900
102600
126600
95800
123200
86900
67600
101000
115700
66900
89900
133700
92600
69900
94400
92400
95000
153900
114500
92500
102000
93300
95800
91200
95200
138800
86600
118200
84300
102700
119900
103500
105400
102700
84000
102300
97500
121600
110700
111600
109200
93000
113200
109100
104400
105300
81600
106800
104500
97300
104700
122700
110700
111400
109400
110300
123500
106700
83200
102500
100200
99900
93200
81500
74100
86600
97200
173700
98400
90000
110700
91100
86800
66100
114100
113200
111500
80700
108200
90400
95400
71900
139700
66100
95200
63600
88100
68000
68000
84900
86800
112700
113800
109900
120600
117300
113700
102400
111300
98300
72300
139300
87700
83700
81200
108100
114700
86900
106100
141600
92100
105800
82200
71400
116900
82000
70800
81600
129700
92200
72100
100700
116500
67700
84000
97200
85600
94100
97000
84200
117000
114000
100700
93900
105400
96200
111500
90500
112700
76000
109700
74500
82800
111200
64900
72500
136800
71100
79400
72700
112900
73800
96200
89900
133200
86200
100400
95800
92800
92800
100400
121200
90400
92900
105600
94400
93000
87500
80600
105300
95700
92500
102800
100400
70800
78900
83600
153300
86200
104100
93500
111500
109600
100600
80000
85200
108600
95400
77700
76800
73300
104400
111100
84300
71800
94300
91000
104500
68300
97100
67400
105600
71400
99400
99200
117800
90100
97800
103800
137300
91800
83200
99400
97100
72600
105800
136700
89700
81400
73800
98500
91000
102100
96800
117100
122600
74400
108600
74500
110100
67700
98400
117200
115900
67400
75100
86400
108400
101500
91800
66200
83500
70900
99800
70400
87500
78300
90200
92200
113800
70800
68200
66200
70600
66500
66900
68800
69800
76900
77300
66600
66600
76700
65700
75900
75800
66500
65900
81600
66500
66300
84800
82400
66700
83000
66800
68500
73800
58100
66800
83600
66400
66800
71600
134600
63800
62400
70600
1694800
82700
69200
98200
97900
73700
64300
67700
88300
67300
66600
65500
119500
112600
64900
67900
71800
63200
71700
62300
65600
61600
71400
60100
75500
67000
71500
66100
67900
65900
77800
75500
74000
66900
77700
65200
73800
66400
65900
73400
74100
66300
72100
67700
69900
66400
65600
65900
90700
66200
66500
71800
