15600.0
16100.0
41400.0
15900.0
15900.0
16100.0
16100.0
16300.0
16800.0
37700.0
17600.0
17600.0
16000.0
16200.0
21400.0
16100.0
15900.0
29800.0
16100.0
16200.0
16100.0
16100.0
16000.0
16000.0
16200.0
33200.0
17600.0
16000.0
16000.0
16100.0
16000.0
16000.0
16000.0
35200.0
18300.0
16000.0
16000.0
15900.0
16100.0
37100.0
19300.0
16100.0
16000.0
15900.0
19300.0
34100.0
16000.0
16000.0
16100.0
16000.0
32200.0
16000.0
16100.0
16100.0
17700.0
16000.0
32000.0
16100.0
16000.0
16100.0
15900.0
16100.0
31600.0
15800.0
16000.0
16100.0
16000.0
32100.0
16100.0
15900.0
16000.0
16100.0
30900.0
16200.0
16000.0
15900.0
16000.0
16100.0
16000.0
17500.0
16400.0
16200.0
16100.0
16200.0
35700.0
19400.0
16200.0
16200.0
16200.0
16300.0
16200.0
16400.0
34300.0
16200.0
16200.0
16100.0
16200.0
16300.0
31700.0
16200.0
16300.0
16300.0
16200.0
16200.0
16200.0
36000.0
16100.0
18200.0
18200.0
18200.0
18100.0
20200.0
16000.0
17900.0
19200.0
16000.0
18900.0
18900.0
18900.0
19200.0
19300.0
16100.0
19400.0
19500.0
19300.0
19200.0
19300.0
19500.0
19600.0
16100.0
19300.0
19500.0
19300.0
19000.0
19100.0
19500.0
19700.0
50500.0
17800.0
16300.0
16900.0
17000.0
17000.0
17000.0
19000.0
17700.0
18100.0
18400.0
18100.0
18100.0
16600.0
16100.0
16100.0
16100.0
31400.0
16300.0
16100.0
16100.0
16100.0
16100.0
32400.0
16100.0
16000.0
16100.0
16100.0
16100.0
30000.0
16100.0
16100.0
16100.0
16000.0
28300.0
16300.0
16100.0
16200.0
17500.0
16400.0
16400.0
34400.0
16200.0
16100.0
19700.0
18000.0
18300.0
16300.0
16300.0
16200.0
35500.0
16200.0
16100.0
16100.0
15900.0
16200.0
15900.0
16000.0
18300.0
16100.0
16100.0
15900.0
16000.0
34800.0
16100.0
19400.0
19300.0
19400.0
19600.0
16100.0
19400.0
19600.0
19400.0
19600.0
16300.0
16200.0
16200.0
16100.0
18500.0
18500.0
16100.0
16300.0
16100.0
16200.0
16300.0
39700.0
32700.0
19300.0
16000.0
16100.0
16000.0
34700.0
16100.0
16100.0
19700.0
16000.0
16200.0
16100.0
17500.0
16100.0
15900.0
45100.0
16200.0
16400.0
18000.0
16100.0
18300.0
19400.0
37600.0
15900.0
15900.0
19100.0
17200.0
40900.0
17100.0
17100.0
17100.0
17300.0
17100.0
17100.0
17100.0
17500.0
17800.0
16300.0
34600.0
20200.0
16400.0
18200.0
16100.0
18100.0
16000.0
15900.0
33500.0
15900.0
15800.0
15900.0
27900.0
15800.0
16100.0
16100.0
29000.0
16100.0
16000.0
16200.0
28600.0
15400.0
16100.0
16100.0
32500.0
16000.0
16200.0
16200.0
16300.0
16200.0
34900.0
16300.0
16000.0
16200.0
16100.0
16000.0
16100.0
33700.0
16100.0
16200.0
16000.0
17500.0
16300.0
16600.0
17600.0
18000.0
19300.0
19100.0
19400.0
19100.0
16000.0
19200.0
19400.0
20800.0
19300.0
16100.0
19400.0
21400.0
19300.0
19500.0
19300.0
19400.0
19400.0
19300.0
19300.0
19300.0
19300.0
16100.0
19300.0
19200.0
19400.0
19400.0
16100.0
19400.0
19300.0
19400.0
15800.0
38100.0
15800.0
15900.0
15900.0
29400.0
15800.0
15900.0
15900.0
28000.0
15900.0
15900.0
16000.0
16100.0
15900.0
30700.0
15900.0
15800.0
15900.0
32000.0
16000.0
16000.0
15900.0
16000.0
16200.0
31900.0
16100.0
16100.0
16100.0
16100.0
16100.0
33900.0
16100.0
16000.0
16000.0
15900.0
34600.0
18400.0
16100.0
16000.0
15900.0
15900.0
16100.0
36400.0
16000.0
16000.0
15900.0
16000.0
16100.0
17500.0
16000.0
16100.0
17700.0
15900.0
16100.0
33700.0
16000.0
16000.0
16100.0
16100.0
16000.0
32600.0
16100.0
16100.0
16100.0
16100.0
16000.0
33300.0
15900.0
16000.0
16100.0
16100.0
32200.0
16000.0
16100.0
16000.0
15900.0
32800.0
15900.0
16000.0
15900.0
27100.0
16100.0
15900.0
16000.0
15900.0
31100.0
15900.0
16000.0
16100.0
15900.0
31600.0
20000.0
16700.0
26500.0
16300.0
16100.0
15900.0
16200.0
16000.0
43500.0
15900.0
16000.0
20400.0
16100.0
18000.0
19100.0
18500.0
18000.0
19600.0
18100.0
18500.0
16100.0
34700.0
15900.0
16100.0
15900.0
15900.0
16000.0
30300.0
16100.0
16000.0
19700.0
18200.0
18400.0
16100.0
39800.0
16100.0
16000.0
16100.0
21000.0
16000.0
16100.0
33100.0
19500.0
16000.0
16000.0
16000.0
47500.0
16100.0
16000.0
15900.0
22600.0
17600.0
16100.0
33700.0
19300.0
16200.0
16100.0
16100.0
16000.0
35300.0
17600.0
16200.0
16000.0
16100.0
17700.0
83300.0
26900.0
26800.0
29800.0
32200.0
32200.0
32100.0
32200.0
32100.0
26900.0
32200.0
32300.0
32700.0
22500.0
27100.0
27100.0
24500.0
27100.0
27000.0
24800.0
44200.0
22600.0
42300.0
22300.0
22700.0
19600.0
19700.0
21400.0
21000.0
22200.0
22400.0
19200.0
19200.0
19500.0
39300.0
19100.0
19100.0
19200.0
30100.0
16800.0
16800.0
16900.0
28900.0
17100.0
16800.0
16900.0
16800.0
30000.0
16900.0
16900.0
16900.0
17200.0
32000.0
16800.0
16800.0
17100.0
17000.0
31300.0
36100.0
16000.0
16100.0
16000.0
16100.0
15900.0
33400.0
16000.0
31300.0
19400.0
19500.0
33000.0
19300.0
19300.0
19700.0
19600.0
19400.0
19700.0
19300.0
16200.0
19300.0
19300.0
19400.0
19300.0
16100.0
16100.0
17700.0
16200.0
16500.0
41200.0
16200.0
33100.0
17100.0
16200.0
16200.0
16100.0
17500.0
18000.0
39300.0
19700.0
19500.0
19600.0
16100.0
16100.0
16300.0
16100.0
30500.0
16100.0
16000.0
16100.0
16100.0
27800.0
16100.0
16200.0
16100.0
16000.0
28600.0
19300.0
16100.0
16100.0
16100.0
31800.0
16200.0
16200.0
18700.0
16200.0
16300.0
16200.0
33800.0
16100.0
16000.0
16000.0
16200.0
16100.0
16200.0
36500.0
16100.0
16300.0
16300.0
17900.0
16200.0
16400.0
32400.0
16000.0
16100.0
16000.0
17300.0
16100.0
19400.0
19400.0
19300.0
19300.0
19600.0
19400.0
19300.0
19300.0
19300.0
19200.0
16000.0
16100.0
16600.0
16000.0
16100.0
33500.0
16000.0
16100.0
16100.0
16000.0
16100.0
33800.0
16100.0
16000.0
16000.0
16100.0
28800.0
16200.0
16000.0
16000.0
16100.0
30200.0
16200.0
16100.0
16200.0
16200.0
16300.0
16200.0
32400.0
16200.0
17600.0
16300.0
16300.0
16300.0
16000.0
32400.0
16200.0
16300.0
16100.0
16100.0
16000.0
16200.0
35100.0
19800.0
53300.0
15900.0
16000.0
16000.0
18000.0
19300.0
19600.0
19500.0
19600.0
19300.0
19300.0
19600.0
19600.0
16200.0
19600.0
19500.0
19300.0
19300.0
19500.0
19500.0
35500.0
19300.0
19600.0
19400.0
19600.0
16100.0
18700.0
19300.0
19300.0
19400.0
16000.0
19600.0
19300.0
16200.0
18300.0
19300.0
18800.0
19600.0
19200.0
19600.0
21200.0
19300.0
19600.0
19400.0
19300.0
19400.0
19300.0
16100.0
19300.0
19300.0
19300.0
19400.0
20400.0
19400.0
19300.0
19500.0
19300.0
19500.0
19400.0
19300.0
19300.0
54900.0
18200.0
17000.0
16100.0
16200.0
20500.0
16300.0
44800.0
17500.0
18000.0
32400.0
16100.0
16100.0
16500.0
18200.0
30500.0
19400.0
19400.0
19400.0
33400.0
16100.0
19400.0
19600.0
17300.0
19400.0
19400.0
19300.0
19300.0
19300.0
19300.0
19400.0
19300.0
19300.0
19500.0
19400.0
19300.0
19400.0
16100.0
19600.0
19500.0
16000.0
17400.0
16100.0
16000.0
16000.0
31100.0
16100.0
19300.0
16000.0
16000.0
31500.0
16100.0
16200.0
16100.0
16200.0
19400.0
17800.0
20400.0
15900.0
37500.0
17800.0
18000.0
19500.0
19300.0
19400.0
26000.0
16200.0
16100.0
18100.0
18800.0
18700.0
16000.0
16000.0
16000.0
15900.0
18200.0
18400.0
18500.0
35700.0
18300.0
18600.0
16100.0
16200.0
16000.0
16100.0
30600.0
16100.0
16100.0
16100.0
16100.0
22000.0
16000.0
33200.0
16100.0
16100.0
16100.0
16100.0
28700.0
16000.0
16000.0
16000.0
16000.0
28100.0
16100.0
16000.0
16000.0
16100.0
16100.0
32700.0
16100.0
16100.0
16100.0
16100.0
32300.0
16100.0
15900.0
18200.0
19300.0
87500.0
17600.0
15900.0
16200.0
18700.0
16100.0
15900.0
16000.0
44100.0
16000.0
15900.0
15900.0
15900.0
65700.0
18300.0
15900.0
18200.0
18300.0
18600.0
15900.0
16000.0
16100.0
41200.0
16000.0
15900.0
16000.0
16100.0
33700.0
16000.0
17400.0
16100.0
16100.0
33900.0
16100.0
19600.0
15900.0
16100.0
30900.0
16000.0
16100.0
15900.0
16000.0
35900.0
16000.0
17600.0
16000.0
16000.0
31800.0
15900.0
16000.0
16100.0
17400.0
16000.0
34300.0
16000.0
16200.0
17400.0
16000.0
16000.0
17900.0
18300.0
16000.0
19400.0
16000.0
16300.0
16300.0
33100.0
16300.0
16000.0
32800.0
18000.0
19300.0
32000.0
19400.0
19300.0
19700.0
32000.0
19400.0
19400.0
19400.0
19300.0
19300.0
19500.0
19600.0
19300.0
19400.0
19400.0
19400.0
19300.0
16200.0
19400.0
19400.0
19300.0
19400.0
19600.0
19600.0
19400.0
19600.0
19300.0
19400.0
19400.0
16100.0
19400.0
19300.0
51300.0
16000.0
16100.0
16100.0
16100.0
18700.0
16100.0
31300.0
16100.0
16100.0
16000.0
29100.0
16000.0
16100.0
16100.0
16100.0
28100.0
16100.0
16100.0
16000.0
16100.0
16300.0
33100.0
16300.0
36600.0
16100.0
18100.0
18300.0
19400.0
19300.0
19400.0
19400.0
19300.0
36800.0
19300.0
17700.0
16100.0
19500.0
19400.0
16100.0
19400.0
19300.0
19400.0
17900.0
18300.0
19300.0
19300.0
19300.0
19300.0
19300.0
19300.0
19300.0
19600.0
16100.0
19400.0
16100.0
19500.0
19700.0
19300.0
16000.0
19400.0
19300.0
19300.0
18400.0
19600.0
19300.0
19600.0
20700.0
19400.0
19300.0
16000.0
20600.0
41300.0
19400.0
19400.0
18000.0
19400.0
19400.0
19500.0
19400.0
19300.0
19300.0
19300.0
19400.0
16800.0
15500.0
31700.0
17500.0
17500.0
16100.0
16200.0
16100.0
34600.0
16000.0
17900.0
17700.0
17900.0
15800.0
19000.0
18400.0
19400.0
16000.0
16100.0
16100.0
16000.0
32300.0
16100.0
16100.0
16000.0
17400.0
15500.0
28500.0
15800.0
15500.0
27800.0
15400.0
26400.0
26600.0
15500.0
26400.0
15600.0
18100.0
15500.0
27800.0
33700.0
16000.0
15900.0
31000.0
15900.0
15900.0
15900.0
16000.0
15900.0
30400.0
15800.0
15800.0
84000.0
16200.0
16500.0
16200.0
16000.0
15900.0
15900.0
16000.0
19300.0
15800.0
33300.0
16100.0
16200.0
16100.0
16200.0
28000.0
16100.0
16100.0
16000.0
16100.0
16100.0
28600.0
16000.0
16100.0
16200.0
16400.0
16200.0
32000.0
16200.0
16300.0
16200.0
16100.0
16200.0
32600.0
16200.0
16000.0
16000.0
16200.0
16200.0
16300.0
32600.0
17800.0
16200.0
16000.0
16000.0
16200.0
32400.0
16200.0
16100.0
16100.0
17900.0
16200.0
16100.0
19500.0
16100.0
16000.0
16000.0
16100.0
34300.0
16000.0
16100.0
16100.0
16100.0
34000.0
16100.0
16100.0
16100.0
15600.0
15600.0
43200.0
20400.0
16900.0
17500.0
18100.0
18300.0
16700.0
19400.0
16100.0
16300.0
31800.0
16300.0
16300.0
18600.0
18700.0
18600.0
16200.0
18300.0
16200.0
18600.0
18600.0
18700.0
18700.0
16100.0
28800.0
16100.0
16100.0
16100.0
16100.0
28600.0
16100.0
16100.0
19400.0
16000.0
16100.0
16100.0
16100.0
33500.0
16000.0
16000.0
16100.0
16000.0
32400.0
16000.0
16400.0
18300.0
16100.0
175500.0
16100.0
16400.0
16000.0
18000.0
33700.0
16200.0
16200.0
16200.0
19400.0
16200.0
16200.0
33600.0
16100.0
16200.0
16200.0
16100.0
19300.0
31900.0
16200.0
16100.0
19700.0
16100.0
16200.0
16300.0
43900.0
19200.0
19400.0
19500.0
19300.0
19600.0
19600.0
19600.0
15900.0
19400.0
19400.0
19700.0
19600.0
19500.0
16100.0
19700.0
19300.0
19500.0
19600.0
19400.0
19600.0
19600.0
19600.0
19200.0
19300.0
19400.0
19300.0
19300.0
18400.0
19400.0
19300.0
16100.0
16000.0
16200.0
16000.0
31800.0
82000.0
15800.0
29900.0
17700.0
17100.0
18400.0
17800.0
17400.0
16500.0
20300.0
42600.0
16200.0
16300.0
16200.0
16200.0
43300.0
16100.0
16200.0
16100.0
16100.0
17600.0
18300.0
16000.0
18200.0
18300.0
18700.0
29200.0
15900.0
15800.0
16300.0
15900.0
30000.0
15900.0
15800.0
15900.0
16200.0
19400.0
19400.0
16000.0
18300.0
19600.0
19400.0
19600.0
27600.0
18100.0
50800.0
16100.0
19400.0
19600.0
17600.0
19400.0
19400.0
19400.0
19400.0
19400.0
19300.0
19400.0
16300.0
16800.0
19300.0
19300.0
19400.0
19300.0
16100.0
19200.0
19400.0
19300.0
19500.0
19700.0
19600.0
19600.0
19600.0
19400.0
19300.0
19300.0
19300.0
32100.0
18600.0
19300.0
19400.0
16100.0
19500.0
19700.0
19600.0
19300.0
19600.0
19400.0
19700.0
16200.0
16100.0
18300.0
19400.0
19300.0
19600.0
19300.0
19300.0
19400.0
16200.0
19600.0
19300.0
19300.0
19300.0
19700.0
19400.0
20000.0
19400.0
42400.0
19300.0
21600.0
19600.0
19600.0
19600.0
19700.0
19300.0
16000.0
19300.0
19400.0
15900.0
16300.0
16000.0
16000.0
17600.0
17500.0
17500.0
16100.0
16100.0
16000.0
16000.0
17700.0
16000.0
15900.0
15900.0
33900.0
16200.0
16200.0
16100.0
16100.0
16000.0
16100.0
16200.0
16200.0
16000.0
15900.0
15900.0
16200.0
16100.0
16100.0
16000.0
15800.0
33500.0
16100.0
16100.0
16100.0
16100.0
16400.0
16000.0
16100.0
16300.0
15900.0
16200.0
16100.0
16000.0
16300.0
16100.0
16100.0
15900.0
16000.0
16100.0
16000.0
16000.0
16000.0
16000.0
16000.0
18000.0
77300.0
15900.0
17400.0
16000.0
16100.0
16400.0
16100.0
16300.0
16100.0
17500.0
16000.0
16000.0
16200.0
16000.0
16200.0
16100.0
20500.0
33800.0
16100.0
19600.0
16200.0
16300.0
16200.0
19400.0
19300.0
16100.0
18100.0
18200.0
19600.0
19300.0
18600.0
18600.0
19500.0
19600.0
16100.0
18300.0
19600.0
16100.0
41800.0
19900.0
19700.0
19600.0
16100.0
18300.0
19600.0
18100.0
18300.0
18700.0
18600.0
16100.0
16100.0
16200.0
15900.0
40400.0
16000.0
16100.0
16400.0
16000.0
16000.0
16100.0
16000.0
16400.0
16100.0
16000.0
16000.0
16100.0
16000.0
16000.0
16100.0
16000.0
16000.0
16100.0
16100.0
16100.0
16000.0
34600.0
16000.0
19800.0
16100.0
15900.0
16100.0
16200.0
16000.0
16000.0
16300.0
16000.0
16100.0
16000.0
16000.0
16200.0
32000.0
16000.0
16100.0
16000.0
16100.0
16100.0
16300.0
16100.0
18800.0
18300.0
16400.0
17900.0
18100.0
16100.0
15900.0
16100.0
16000.0
16000.0
16000.0
16000.0
16100.0
16400.0
16300.0
15900.0
16300.0
16100.0
16100.0
16200.0
17300.0
18200.0
18700.0
18700.0
18300.0
22100.0
16500.0
16300.0
16000.0
17600.0
16200.0
36000.0
16200.0
16100.0
16000.0
17600.0
16000.0
18000.0
16100.0
16100.0
37500.0
18000.0
18300.0
18200.0
18100.0
18000.0
35300.0
18300.0
18100.0
17600.0
16100.0
18000.0
17400.0
26200.0
18100.0
16100.0
39500.0
29100.0
18100.0
40100.0
16100.0
15500.0
51600.0
18900.0
18800.0
18900.0
52300.0
19400.0
19200.0
19200.0
18400.0
33800.0
18900.0
18900.0
24600.0
28600.0
16000.0
15900.0
32600.0
18700.0
17600.0
15900.0
16000.0
16000.0
16000.0
29200.0
18200.0
17700.0
18900.0
18900.0
18800.0
16100.0
19200.0
18800.0
34100.0
15400.0
15900.0
30200.0
15900.0
15900.0
16100.0
16100.0
16000.0
32700.0
15900.0
16000.0
16000.0
31600.0
16000.0
15900.0
15900.0
28700.0
15900.0
16200.0
16000.0
16000.0
30800.0
16000.0
15900.0
16000.0
29700.0
16000.0
16000.0
16000.0
28400.0
16000.0
15900.0
16000.0
29800.0
15900.0
16800.0
16100.0
16100.0
15900.0
29800.0
16000.0
16000.0
15600.0
18900.0
42900.0
28200.0
16000.0
16000.0
16100.0
18000.0
18400.0
16100.0
18200.0
18600.0
18600.0
19300.0
18200.0
18500.0
32000.0
18400.0
18500.0
18700.0
19100.0
18900.0
18400.0
18600.0
16200.0
19400.0
16100.0
18900.0
18400.0
18500.0
18500.0
18900.0
18900.0
19100.0
18800.0
33200.0
18800.0
18700.0
18600.0
18900.0
18800.0
18400.0
18400.0
16100.0
18900.0
31700.0
19100.0
18500.0
18900.0
18500.0
18900.0
18800.0
18800.0
18500.0
18900.0
16500.0
15900.0
15900.0
16700.0
29900.0
15900.0
15900.0
38100.0
15900.0
16100.0
19300.0
16000.0
33600.0
15900.0
15900.0
16000.0
29400.0
15900.0
15900.0
15900.0
28600.0
16100.0
15500.0
15900.0
19500.0
18800.0
18500.0
33100.0
18700.0
18600.0
18400.0
18100.0
18600.0
18400.0
18600.0
18700.0
33100.0
18900.0
18800.0
16000.0
18500.0
18500.0
30300.0
18300.0
18500.0
18700.0
18900.0
15900.0
19500.0
19000.0
18900.0
19100.0
18900.0
18900.0
18900.0
32900.0
16100.0
19000.0
19000.0
16000.0
16000.0
16000.0
33700.0
18500.0
17200.0
17100.0
17200.0
17100.0
17000.0
24300.0
45700.0
16100.0
36000.0
16300.0
29200.0
28500.0
16100.0
18700.0
18300.0
35400.0
18700.0
35000.0
18700.0
31000.0
18200.0
27800.0
18800.0
18700.0
20100.0
19700.0
15900.0
46300.0
26900.0
16200.0
16200.0
15900.0
16200.0
32900.0
15900.0
15900.0
16000.0
31100.0
16000.0
16200.0
16000.0
16100.0
16200.0
32500.0
18000.0
38200.0
16900.0
18200.0
16600.0
18700.0
18800.0
18400.0
18000.0
18600.0
25100.0
16100.0
16200.0
15900.0
16200.0
16100.0
15800.0
35400.0
16000.0
16100.0
15900.0
16100.0
15900.0
29100.0
16000.0
16100.0
16000.0
16100.0
16100.0
18300.0
28800.0
16100.0
31900.0
16000.0
15900.0
16100.0
16100.0
35400.0
19300.0
19200.0
19200.0
19400.0
19200.0
19300.0
19200.0
32400.0
19300.0
19100.0
19100.0
18900.0
16100.0
19200.0
19200.0
19500.0
19100.0
19400.0
19200.0
17800.0
19200.0
19200.0
19100.0
31200.0
19400.0
18800.0
18700.0
39100.0
16000.0
51400.0
52800.0
32300.0
29700.0
16000.0
16100.0
15900.0
25800.0
29500.0
16000.0
16100.0
16500.0
18200.0
18600.0
18300.0
16000.0
16100.0
15800.0
32100.0
16200.0
16000.0
15900.0
16100.0
15900.0
30600.0
15900.0
16000.0
16100.0
16000.0
16100.0
16100.0
16100.0
16100.0
16100.0
29200.0
16100.0
16200.0
16200.0
16200.0
16200.0
16100.0
16100.0
16100.0
16100.0
16100.0
15800.0
16200.0
16100.0
16100.0
33700.0
16100.0
15900.0
15900.0
16100.0
29700.0
15900.0
15900.0
18300.0
16000.0
31100.0
16100.0
15900.0
17800.0
18100.0
18200.0
16200.0
16000.0
20100.0
15900.0
38700.0
16100.0
19100.0
16100.0
16200.0
16200.0
16100.0
16100.0
16000.0
15900.0
33900.0
16100.0
16000.0
16000.0
16100.0
18000.0
15800.0
16100.0
16200.0
16100.0
15900.0
16200.0
16100.0
16100.0
15900.0
16100.0
16100.0
30100.0
16000.0
28400.0
29600.0
16200.0
16100.0
15800.0
15900.0
18600.0
16100.0
16000.0
16100.0
33400.0
15900.0
15900.0
15800.0
30700.0
15900.0
15900.0
15900.0
30700.0
15900.0
15800.0
18100.0
15900.0
15900.0
19500.0
19400.0
16100.0
32200.0
17800.0
18100.0
38500.0
16200.0
19100.0
15900.0
16000.0
15800.0
38300.0
15900.0
16000.0
18000.0
19300.0
19300.0
19400.0
19500.0
19400.0
19400.0
19400.0
19300.0
19300.0
17400.0
19300.0
19400.0
19300.0
19300.0
19300.0
16100.0
19400.0
19400.0
16600.0
50800.0
19400.0
18600.0
16000.0
34300.0
15800.0
15800.0
15900.0
15800.0
34100.0
15900.0
15900.0
15800.0
16100.0
15900.0
28600.0
15800.0
17300.0
15900.0
15900.0
15800.0
58400.0
15900.0
19400.0
19300.0
19400.0
19400.0
19400.0
19500.0
19400.0
16100.0
19400.0
19400.0
19200.0
16200.0
28200.0
16000.0
44100.0
29600.0
15900.0
33900.0
19600.0
28700.0
18200.0
16000.0
15900.0
31800.0
16000.0
15900.0
15800.0
15900.0
15900.0
31400.0
15900.0
15900.0
15800.0
15900.0
29600.0
15900.0
15900.0
15900.0
15900.0
29000.0
16000.0
16000.0
16100.0
16000.0
16000.0
16100.0
32400.0
32400.0
19500.0
19200.0
18600.0
35300.0
17700.0
15900.0
17500.0
16100.0
35300.0
16000.0
15800.0
16100.0
32700.0
15900.0
16300.0
30900.0
15900.0
33900.0
25400.0
16000.0
15900.0
19300.0
19400.0
19400.0
19400.0
19600.0
19300.0
16200.0
19300.0
19400.0
19600.0
19400.0
19300.0
19300.0
16000.0
16000.0
18600.0
23000.0
18700.0
34800.0
18600.0
22100.0
18700.0
18600.0
15900.0
15900.0
15800.0
28600.0
15900.0
18700.0
15900.0
15900.0
15800.0
28100.0
15900.0
15900.0
15900.0
16100.0
28500.0
15800.0
15800.0
15800.0
15800.0
28700.0
15800.0
16000.0
15800.0
15900.0
27900.0
18700.0
15900.0
15800.0
15900.0
32400.0
18500.0
16200.0
18200.0
16000.0
16100.0
16000.0
16000.0
16000.0
49300.0
16000.0
16100.0
16000.0
16000.0
18500.0
18400.0
16200.0
16400.0
16400.0
16300.0
19500.0
32100.0
15900.0
16000.0
16000.0
16000.0
31800.0
15900.0
15800.0
15900.0
15900.0
16000.0
32400.0
16000.0
15900.0
16000.0
16000.0
16000.0
16100.0
32100.0
15900.0
16000.0
16000.0
15900.0
32000.0
16000.0
16100.0
15800.0
16100.0
16000.0
16100.0
30000.0
15900.0
16100.0
15900.0
15900.0
16000.0
15800.0
30900.0
16000.0
15900.0
15800.0
16100.0
16100.0
16100.0
15900.0
18000.0
16300.0
17900.0
19400.0
21800.0
19400.0
19300.0
16100.0
18000.0
19400.0
19400.0
19300.0
19400.0
19300.0
19400.0
19500.0
19400.0
19300.0
19400.0
19300.0
19200.0
16200.0
19400.0
19400.0
16000.0
19400.0
19400.0
19400.0
19300.0
34600.0
19400.0
19400.0
19300.0
19400.0
19400.0
19400.0
19200.0
16000.0
19400.0
19400.0
19300.0
16000.0
15900.0
15900.0
15900.0
15900.0
31300.0
15900.0
15800.0
15800.0
15900.0
29800.0
15900.0
15900.0
15900.0
15800.0
28500.0
58100.0
16100.0
15900.0
16400.0
15900.0
15900.0
15800.0
40400.0
15900.0
28500.0
18900.0
19000.0
19700.0
18700.0
19600.0
18500.0
19700.0
18600.0
15900.0
19400.0
16100.0
57800.0
17000.0
43700.0
15800.0
15900.0
15900.0
15900.0
15900.0
29400.0
15900.0
15900.0
15900.0
15900.0
28400.0
17700.0
15900.0
15800.0
15900.0
15800.0
30900.0
15800.0
15900.0
15900.0
16000.0
32300.0
16000.0
16000.0
15800.0
16000.0
16000.0
32300.0
16000.0
15900.0
15900.0
16000.0
15900.0
16000.0
32500.0
30700.0
19400.0
19400.0
1067500.0
16200.0
16000.0
30500.0
16000.0
42600.0
16200.0
29500.0
16200.0
45900.0
18100.0
16000.0
17500.0
16300.0
17900.0
16000.0
16100.0
16100.0
16000.0
50800.0
18000.0
19400.0
19400.0
30400.0
28600.0
15900.0
18500.0
19400.0
19400.0
19700.0
32400.0
19400.0
19400.0
19300.0
19300.0
19500.0
19400.0
19300.0
19400.0
19400.0
19400.0
16100.0
19300.0
19600.0
16400.0
19300.0
57700.0
19400.0
19300.0
19400.0
19400.0
16200.0
17700.0
16400.0
37800.0
15900.0
18900.0
19400.0
16100.0
17400.0
19400.0
19300.0
19700.0
19700.0
19600.0
19300.0
19400.0
19300.0
19300.0
19600.0
19300.0
19600.0
19300.0
19600.0
19600.0
16200.0
19600.0
19600.0
19600.0
36000.0
19300.0
19400.0
19600.0
18300.0
19400.0
19600.0
19600.0
19100.0
19600.0
19700.0
19600.0
21000.0
16100.0
19600.0
19600.0
19400.0
19400.0
19600.0
17100.0
19400.0
16000.0
18000.0
19400.0
18000.0
19300.0
19300.0
19300.0
19400.0
19300.0
16300.0
17900.0
19300.0
19300.0
19300.0
19300.0
19300.0
33700.0
16700.0
17600.0
16000.0
18200.0
18500.0
18200.0
18700.0
18300.0
41900.0
27600.0
55400.0
16500.0
32000.0
16100.0
17900.0
18000.0
19300.0
19300.0
19400.0
19400.0
19300.0
19300.0
19600.0
15900.0
16100.0
16100.0
15900.0
16100.0
16100.0
16100.0
16200.0
16100.0
16200.0
18300.0
19400.0
19400.0
19300.0
19400.0
19600.0
19300.0
19400.0
40700.0
19400.0
16100.0
17600.0
19400.0
19400.0
19300.0
19400.0
19400.0
19400.0
16100.0
19300.0
19200.0
16300.0
34500.0
16400.0
16400.0
16700.0
16100.0
16300.0
15900.0
18300.0
15800.0
15900.0
34500.0
15800.0
15800.0
15800.0
28400.0
15900.0
15900.0
15900.0
28200.0
16200.0
15900.0
15800.0
16200.0
15900.0
30900.0
15900.0
16000.0
16100.0
16000.0
35200.0
16000.0
16000.0
16100.0
17600.0
16000.0
30900.0
16000.0
16100.0
15800.0
28500.0
16300.0
31800.0
16100.0
17900.0
16100.0
16300.0
16200.0
16300.0
32800.0
16000.0
16000.0
16200.0
16100.0
16200.0
16100.0
49500.0
16000.0
16000.0
16400.0
16000.0
16400.0
16200.0
18600.0
46900.0
16200.0
16200.0
16100.0
16300.0
16500.0
16300.0
16300.0
16000.0
16200.0
42800.0
16100.0
16000.0
16000.0
18400.0
23000.0
19200.0
19300.0
18300.0
16500.0
16300.0
16300.0
44100.0
16100.0
16200.0
16100.0
16200.0
16200.0
16200.0
35200.0
17900.0
16300.0
16100.0
16200.0
16000.0
32100.0
15900.0
34600.0
16000.0
15900.0
16000.0
16000.0
32700.0
16000.0
28600.0
31800.0
16200.0
18600.0
16100.0
16100.0
17600.0
16700.0
16700.0
16000.0
16200.0
16000.0
16200.0
16000.0
16000.0
16200.0
30500.0
15900.0
57700.0
18300.0
17700.0
16000.0
16100.0
39300.0
16000.0
16100.0
19300.0
18800.0
18100.0
18500.0
16100.0
16200.0
28000.0
16000.0
19500.0
16100.0
16000.0
16000.0
36800.0
16100.0
16000.0
16100.0
19300.0
28300.0
16100.0
16100.0
19700.0
16100.0
32300.0
16100.0
19400.0
16100.0
16200.0
16200.0
42800.0
19300.0
19400.0
19400.0
16100.0
69700.0
16000.0
16300.0
54800.0
16000.0
18400.0
18200.0
16900.0
18100.0
16200.0
35100.0
18100.0
19400.0
19400.0
19400.0
18200.0
19400.0
32300.0
19300.0
19300.0
19300.0
38600.0
19300.0
19700.0
19400.0
19400.0
16100.0
19400.0
19400.0
32700.0
50600.0
19200.0
19500.0
19400.0
19400.0
19400.0
19600.0
19400.0
35800.0
19300.0
19400.0
19400.0
19400.0
16000.0
19400.0
19300.0
19300.0
19300.0
19400.0
18800.0
18100.0
19000.0
19300.0
19300.0
19700.0
19600.0
19000.0
16100.0
41400.0
16100.0
21900.0
18000.0
19000.0
19700.0
19600.0
15900.0
38300.0
16200.0
16200.0
16100.0
16100.0
37100.0
16100.0
16100.0
16100.0
16100.0
15900.0
16100.0
19400.0
34600.0
16000.0
16100.0
16100.0
18600.0
18700.0
18600.0
18300.0
18600.0
18600.0
18800.0
18800.0
18700.0
34600.0
18700.0
16100.0
16100.0
16300.0
15900.0
16200.0
43300.0
16300.0
16100.0
21600.0
18200.0
18300.0
18500.0
17900.0
17500.0
40000.0
28800.0
19000.0
37800.0
16000.0
16000.0
16000.0
33300.0
39500.0
15800.0
18000.0
19400.0
19300.0
19600.0
19600.0
19600.0
19400.0
30100.0
15900.0
19000.0
16100.0
19400.0
19700.0
19600.0
19300.0
19300.0
19400.0
19400.0
19400.0
19400.0
19300.0
19300.0
19400.0
19400.0
19400.0
19600.0
19300.0
16300.0
31900.0
18000.0
47700.0
29800.0
55100.0
16000.0
24600.0
34700.0
16200.0
20000.0
16200.0
16100.0
16100.0
16100.0
16200.0
45600.0
16000.0
16100.0
16200.0
16100.0
16200.0
16200.0
46600.0
16200.0
16200.0
50500.0
16000.0
18900.0
19400.0
18100.0
16200.0
32900.0
16100.0
17500.0
36200.0
39100.0
19400.0
19300.0
19300.0
17700.0
19400.0
19400.0
19400.0
19300.0
19300.0
19300.0
19300.0
19300.0
19400.0
19700.0
16100.0
19500.0
18200.0
19300.0
19300.0
19300.0
19300.0
19400.0
19400.0
19400.0
18800.0
17000.0
16900.0
17000.0
18900.0
54600.0
16000.0
29200.0
28400.0
16200.0
16100.0
16200.0
33400.0
16100.0
16100.0
16100.0
16100.0
28400.0
16100.0
16100.0
16100.0
16200.0
16400.0
31300.0
16100.0
16200.0
17600.0
16200.0
16200.0
32800.0
16300.0
16300.0
16200.0
16200.0
16200.0
16100.0
32100.0
16200.0
16200.0
16200.0
16200.0
16100.0
17700.0
16300.0
35400.0
16300.0
16200.0
16200.0
16000.0
19400.0
33400.0
16100.0
16100.0
19500.0
18000.0
19500.0
19300.0
16300.0
29000.0
15900.0
16300.0
30400.0
16200.0
48500.0
16400.0
18700.0
16300.0
16100.0
16200.0
41600.0
16200.0
16200.0
16200.0
16100.0
16200.0
32500.0
18100.0
16200.0
16200.0
29200.0
16000.0
16100.0
36200.0
19000.0
16200.0
17700.0
16300.0
19700.0
16100.0
32500.0
16200.0
32400.0
16100.0
33200.0
18900.0
18900.0
18900.0
18900.0
19100.0
19100.0
19200.0
19500.0
19200.0
15500.0
34600.0
16100.0
16200.0
16300.0
16300.0
16100.0
32800.0
16100.0
16000.0
16100.0
16100.0
40700.0
16000.0
33700.0
16100.0
16200.0
16300.0
40500.0
16100.0
16200.0
22000.0
16100.0
16200.0
45100.0
16100.0
16400.0
16300.0
20700.0
16200.0
45900.0
16200.0
16200.0
16200.0
15900.0
15800.0
17600.0
18100.0
28400.0
18200.0
33300.0
21500.0
19400.0
18900.0
18800.0
18900.0
18900.0
18900.0
34200.0
18900.0
18900.0
19200.0
19200.0
19200.0
19100.0
19200.0
19100.0
16000.0
19200.0
19200.0
19200.0
18400.0
19500.0
19200.0
19400.0
19200.0
19400.0
19200.0
19300.0
19200.0
16100.0
16000.0
16200.0
16100.0
17600.0
16100.0
21300.0
17700.0
18300.0
29400.0
37800.0
16200.0
16200.0
16200.0
16100.0
33300.0
16200.0
16200.0
16000.0
16100.0
27900.0
16000.0
16100.0
16100.0
16100.0
16000.0
28800.0
16100.0
16000.0
16000.0
16100.0
36300.0
23300.0
18500.0
18300.0
18700.0
18700.0
16100.0
16000.0
16100.0
16300.0
34800.0
16100.0
16300.0
16300.0
18700.0
16200.0
16300.0
49100.0
16200.0
17900.0
16100.0
16100.0
16100.0
31800.0
16000.0
18500.0
19000.0
16100.0
16000.0
47700.0
16000.0
15900.0
17800.0
16100.0
16000.0
15900.0
16100.0
16300.0
67600.0
34000.0
16000.0
16100.0
17700.0
18400.0
16100.0
18300.0
18600.0
16300.0
16100.0
16300.0
16400.0
16300.0
16300.0
18600.0
30800.0
18000.0
19400.0
19400.0
15600.0
19400.0
19300.0
19300.0
19400.0
19400.0
19300.0
19300.0
31500.0
19300.0
19400.0
19500.0
18100.0
19500.0
19400.0
19400.0
20500.0
15700.0
19100.0
19400.0
19400.0
16400.0
50900.0
17100.0
17700.0
18200.0
17800.0
18400.0
18700.0
18600.0
16200.0
19400.0
19300.0
19400.0
33000.0
19300.0
19300.0
19100.0
19400.0
19300.0
17700.0
18900.0
19300.0
17700.0
19400.0
20700.0
19400.0
19400.0
19400.0
19400.0
19500.0
15600.0
33300.0
19200.0
19300.0
19300.0
19400.0
19300.0
19400.0
19300.0
19400.0
19300.0
19400.0
19300.0
19400.0
19400.0
16100.0
19300.0
29800.0
19400.0
15800.0
19400.0
19500.0
19300.0
19300.0
19300.0
19400.0
19300.0
19300.0
19400.0
19300.0
19300.0
16100.0
16000.0
16000.0
16000.0
16600.0
45500.0
16100.0
20100.0
16900.0
17100.0
40700.0
17100.0
17300.0
19100.0
17400.0
17200.0
17200.0
17000.0
17000.0
17100.0
42600.0
17100.0
17400.0
18300.0
16200.0
19100.0
18300.0
18100.0
16200.0
16200.0
32600.0
16100.0
16100.0
16200.0
16100.0
16000.0
29200.0
16200.0
16400.0
16000.0
19200.0
51900.0
31500.0
16200.0
16200.0
34300.0
16100.0
16000.0
15900.0
15900.0
16200.0
16200.0
16200.0
20700.0
21900.0
18000.0
18300.0
16100.0
40900.0
16100.0
16200.0
16300.0
16100.0
16200.0
16100.0
18400.0
84000.0
16000.0
18300.0
19300.0
19400.0
15600.0
19300.0
19400.0
16100.0
19400.0
19400.0
19500.0
19400.0
19400.0
36600.0
19100.0
16000.0
17900.0
19400.0
19400.0
17600.0
19100.0
15600.0
45100.0
19300.0
19400.0
19200.0
19200.0
19300.0
19400.0
19100.0
18900.0
18800.0
19400.0
19000.0
19100.0
19100.0
19400.0
19100.0
29200.0
20000.0
16000.0
16000.0
16200.0
16300.0
16200.0
45700.0
16000.0
16100.0
16200.0
16100.0
16200.0
38700.0
16100.0
16000.0
16000.0
16000.0
16200.0
18300.0
31400.0
16100.0
16100.0
16000.0
16100.0
30700.0
16100.0
18600.0
16000.0
16200.0
16200.0
16300.0
33100.0
16200.0
16100.0
16400.0
16200.0
16400.0
18000.0
16300.0
16300.0
16300.0
32500.0
16200.0
16300.0
16400.0
16200.0
16000.0
32500.0
16100.0
16200.0
16100.0
16200.0
16000.0
33900.0
16000.0
16200.0
16100.0
16100.0
18200.0
19000.0
26700.0
16100.0
16000.0
36500.0
17600.0
18700.0
18400.0
40700.0
17600.0
18400.0
18700.0
18900.0
18300.0
18500.0
18800.0
17600.0
16200.0
17400.0
16300.0
20100.0
16000.0
17900.0
19300.0
18000.0
32400.0
19400.0
19400.0
16000.0
19300.0
19300.0
19300.0
27100.0
16100.0
16100.0
16100.0
16000.0
19400.0
19400.0
19000.0
19500.0
19400.0
15700.0
19200.0
19200.0
19100.0
19400.0
19200.0
19300.0
17600.0
37300.0
19100.0
16000.0
39900.0
16800.0
16100.0
16000.0
15900.0
44200.0
16100.0
16000.0
15800.0
16100.0
15900.0
51100.0
16100.0
18000.0
19300.0
19400.0
17400.0
18400.0
18600.0
18700.0
18600.0
18700.0
18600.0
16100.0
18700.0
18600.0
18600.0
16200.0
18700.0
16100.0
29500.0
16000.0
17600.0
16100.0
16200.0
29700.0
16000.0
16100.0
16000.0
16100.0
16100.0
16100.0
31000.0
16100.0
16000.0
16200.0
16100.0
27900.0
16100.0
16100.0
16000.0
16100.0
28900.0
16000.0
16000.0
16100.0
16100.0
16200.0
35700.0
16500.0
16600.0
16000.0
16100.0
16100.0
16200.0
43300.0
16300.0
16400.0
16200.0
16400.0
20700.0
17500.0
16300.0
16200.0
41300.0
16200.0
16200.0
19200.0
16200.0
17600.0
18300.0
17400.0
16100.0
16100.0
15600.0
32700.0
19200.0
19200.0
19400.0
19400.0
19200.0
16000.0
18900.0
19200.0
19200.0
19400.0
19400.0
19300.0
19500.0
19500.0
19400.0
19500.0
19300.0
19500.0
19200.0
19400.0
19500.0
19400.0
30600.0
19300.0
19400.0
19400.0
19100.0
19200.0
19200.0
16000.0
16300.0
17200.0
18500.0
16100.0
16100.0
16200.0
16300.0
34500.0
16300.0
16100.0
17100.0
16100.0
29400.0
16000.0
16100.0
16100.0
41400.0
16000.0
16000.0
16200.0
16100.0
28700.0
16100.0
16100.0
16100.0
16100.0
30100.0
16200.0
16300.0
16300.0
16000.0
16200.0
33000.0
16200.0
16200.0
16200.0
16200.0
16100.0
32600.0
16200.0
16200.0
16300.0
16300.0
16100.0
16200.0
32400.0
16300.0
17800.0
16300.0
16200.0
16300.0
16200.0
17900.0
16100.0
33700.0
16000.0
16000.0
16100.0
16100.0
30000.0
16100.0
16100.0
16200.0
16000.0
16100.0
16100.0
16000.0
16500.0
16300.0
16100.0
16400.0
16400.0
44300.0
16100.0
16200.0
16300.0
16300.0
16100.0
17700.0
16300.0
33800.0
16300.0
16000.0
16200.0
16300.0
16300.0
16300.0
16300.0
35100.0
19300.0
16200.0
16300.0
16300.0
16200.0
16200.0
35100.0
16100.0
19300.0
16300.0
16200.0
17700.0
16200.0
32800.0
16200.0
16100.0
16000.0
16300.0
16200.0
32100.0
16100.0
16200.0
16000.0
16200.0
16100.0
16300.0
34200.0
16200.0
16200.0
16300.0
16100.0
16200.0
32800.0
16100.0
16400.0
16100.0
19800.0
40200.0
17000.0
15500.0
17000.0
17500.0
22600.0
18500.0
18000.0
15900.0
17200.0
53400.0
18100.0
17700.0
17600.0
17700.0
16000.0
16100.0
16000.0
17700.0
19200.0
16200.0
16200.0
16000.0
34000.0
16000.0
16000.0
16100.0
16100.0
31000.0
15900.0
16000.0
16100.0
28300.0
16100.0
16100.0
16100.0
16100.0
16000.0
28600.0
16200.0
16300.0
16200.0
16100.0
16100.0
60600.0
17600.0
17100.0
16200.0
17000.0
18500.0
18300.0
17500.0
18700.0
40000.0
18000.0
18000.0
19400.0
19400.0
19600.0
19400.0
36900.0
19300.0
19400.0
19400.0
19300.0
16000.0
19400.0
19400.0
19400.0
30900.0
15600.0
19700.0
19300.0
17800.0
19600.0
19400.0
19500.0
38900.0
19400.0
19400.0
19300.0
19700.0
16200.0
16100.0
16100.0
16100.0
30400.0
16000.0
16100.0
16400.0
16100.0
16000.0
18300.0
18400.0
19300.0
19300.0
19300.0
19300.0
19300.0
19400.0
19300.0
19400.0
19400.0
35600.0
15600.0
32400.0
19100.0
17100.0
18600.0
18200.0
32700.0
15900.0
17700.0
20600.0
18200.0
18200.0
18400.0
18300.0
18800.0
18800.0
17500.0
16100.0
16300.0
16100.0
16300.0
16300.0
18100.0
17900.0
19400.0
19400.0
22300.0
19500.0
19400.0
19400.0
19400.0
19400.0
19400.0
19300.0
33400.0
19400.0
19300.0
19400.0
19300.0
19300.0
19300.0
19600.0
19300.0
19200.0
19300.0
19300.0
19400.0
16100.0
18200.0
19400.0
19400.0
53100.0
61600.0
17600.0
17600.0
18400.0
17500.0
18100.0
22300.0
18700.0
18200.0
18300.0
18600.0
15800.0
15900.0
15900.0
27800.0
15800.0
16100.0
15900.0
15900.0
29900.0
15900.0
15900.0
15900.0
27900.0
15900.0
15900.0
16200.0
15900.0
28800.0
15900.0
17500.0
17700.0
16300.0
34000.0
16300.0
16300.0
16400.0
17900.0
16300.0
16000.0
33600.0
16300.0
16200.0
16300.0
18000.0
16200.0
16200.0
16200.0
31800.0
16100.0
16100.0
16200.0
16100.0
16300.0
16000.0
33100.0
16100.0
16200.0
16100.0
16300.0
16200.0
16800.0
16200.0
16100.0
49800.0
16100.0
16000.0
20800.0
16100.0
16100.0
45200.0
15900.0
15900.0
16100.0
20600.0
40900.0
16000.0
16100.0
16000.0
46800.0
16400.0
16300.0
16300.0
16400.0
15500.0
16300.0
16300.0
31000.0
16200.0
16200.0
16300.0
16100.0
16200.0
16400.0
16100.0
26800.0
16100.0
30700.0
17700.0
33000.0
15900.0
15900.0
17500.0
17400.0
34600.0
16000.0
16100.0
21300.0
16000.0
15900.0
16000.0
15900.0
16100.0
16000.0
31400.0
16000.0
17000.0
16100.0
39000.0
17700.0
17500.0
18400.0
18600.0
17800.0
16200.0
16100.0
16100.0
16100.0
16000.0
31300.0
18200.0
19600.0
16100.0
16100.0
16100.0
16000.0
37200.0
16300.0
16400.0
17900.0
16200.0
16300.0
16400.0
17800.0
16100.0
31700.0
18400.0
16200.0
16300.0
21700.0
16300.0
16200.0
16100.0
44000.0
16200.0
16300.0
16100.0
19700.0
16200.0
16300.0
17900.0
35000.0
18300.0
28100.0
17900.0
19400.0
19200.0
19500.0
19400.0
33000.0
15900.0
16200.0
16100.0
17500.0
48800.0
16300.0
16300.0
16200.0
16400.0
16200.0
43500.0
16300.0
16300.0
16200.0
16200.0
16200.0
30800.0
16000.0
16300.0
16100.0
16000.0
16200.0
32400.0
16300.0
16300.0
16300.0
16000.0
16400.0
16200.0
33100.0
16200.0
19700.0
16100.0
16000.0
16100.0
16300.0
16200.0
40300.0
16300.0
16100.0
16000.0
16100.0
16200.0
32500.0
16200.0
16100.0
16200.0
16200.0
16100.0
16300.0
30600.0
16100.0
29600.0
17200.0
18000.0
19400.0
19300.0
19400.0
19300.0
19600.0
19300.0
16000.0
16200.0
17700.0
15900.0
17500.0
43400.0
20000.0
16300.0
16100.0
16200.0
16300.0
16200.0
45100.0
18500.0
16400.0
16000.0
16100.0
43800.0
16100.0
16100.0
16300.0
16200.0
47100.0
16000.0
18400.0
18700.0
16000.0
16100.0
16000.0
16100.0
34100.0
16100.0
16100.0
16100.0
16200.0
16200.0
32200.0
16300.0
16100.0
19600.0
16000.0
16200.0
19700.0
16300.0
31700.0
16300.0
19400.0
18700.0
18800.0
18700.0
18600.0
18700.0
18600.0
18700.0
18500.0
16600.0
16200.0
42400.0
16300.0
16200.0
16200.0
16200.0
41000.0
16200.0
16100.0
16100.0
16100.0
31400.0
16300.0
17800.0
16300.0
16300.0
16100.0
16200.0
16200.0
36100.0
16200.0
16100.0
16300.0
16100.0
16100.0
16300.0
32800.0
16200.0
16100.0
16200.0
16100.0
16300.0
32200.0
16200.0
16100.0
16100.0
16300.0
16300.0
33200.0
16200.0
16300.0
16200.0
16200.0
18000.0
16200.0
16300.0
32500.0
16100.0
16100.0
16100.0
16100.0
32200.0
16100.0
16000.0
16000.0
16000.0
36000.0
25000.0
19200.0
19700.0
36600.0
16200.0
15900.0
16400.0
16900.0
20500.0
16200.0
16500.0
16300.0
43700.0
16100.0
16100.0
19100.0
16200.0
16200.0
45700.0
16100.0
16300.0
16200.0
16100.0
16200.0
18500.0
16500.0
16500.0
16500.0
18100.0
31000.0
16000.0
16000.0
19500.0
16100.0
40800.0
16300.0
16300.0
16300.0
16200.0
16200.0
16100.0
16000.0
16100.0
33400.0
17600.0
16000.0
16100.0
16000.0
16000.0
17600.0
33200.0
16100.0
16000.0
15800.0
15900.0
30800.0
15900.0
17400.0
16000.0
16700.0
17100.0
17000.0
17000.0
18700.0
19000.0
16300.0
41600.0
16300.0
16400.0
16200.0
16300.0
16100.0
34100.0
16200.0
16100.0
16200.0
16100.0
16200.0
30200.0
16200.0
16100.0
16200.0
16100.0
32100.0
16200.0
16200.0
16200.0
16200.0
16200.0
32000.0
16000.0
16200.0
16200.0
16300.0
16200.0
32600.0
16200.0
16100.0
16300.0
17600.0
16300.0
16000.0
19300.0
19300.0
19300.0
36700.0
19300.0
19400.0
20700.0
19400.0
19300.0
19300.0
19600.0
15700.0
16000.0
16100.0
16200.0
19000.0
16300.0
40400.0
16100.0
16000.0
16200.0
16100.0
16200.0
16100.0
38500.0
16100.0
30400.0
18000.0
19400.0
32100.0
19400.0
19400.0
19400.0
19400.0
19400.0
19300.0
19400.0
17500.0
16000.0
16100.0
16100.0
16000.0
15900.0
15900.0
34400.0
15900.0
16100.0
15800.0
15900.0
29900.0
15800.0
15900.0
15800.0
27300.0
15900.0
15900.0
15900.0
27800.0
15900.0
15900.0
15800.0
27100.0
28600.0
16100.0
15900.0
99600.0
16900.0
16200.0
41400.0
16200.0
16200.0
16200.0
16200.0
16200.0
41000.0
18500.0
18200.0
16200.0
16200.0
16200.0
16200.0
16000.0
16100.0
38700.0
18000.0
17800.0
16100.0
15700.0
16200.0
18000.0
19400.0
16100.0
18300.0
19300.0
19300.0
19300.0
19300.0
15500.0
19500.0
19300.0
19400.0
19400.0
19300.0
19300.0
19400.0
19600.0
19600.0
19700.0
19400.0
19400.0
19300.0
20000.0
19300.0
19400.0
30900.0
18400.0
19300.0
19300.0
19400.0
16200.0
16200.0
47600.0
16200.0
16200.0
45200.0
16200.0
20500.0
16200.0
16300.0
16200.0
18000.0
16100.0
15900.0
35600.0
16000.0
15900.0
15900.0
29300.0
15900.0
15900.0
15800.0
26900.0
15900.0
15900.0
15900.0
29800.0
15800.0
15900.0
16100.0
16000.0
32800.0
15800.0
15900.0
16000.0
16000.0
31100.0
17700.0
15900.0
15900.0
16100.0
30600.0
16000.0
16000.0
15900.0
17600.0
16100.0
19000.0
18100.0
19400.0
19400.0
19400.0
56700.0
19400.0
18600.0
19400.0
19400.0
19200.0
20600.0
19400.0
19300.0
34800.0
19300.0
31400.0
16600.0
16300.0
15900.0
16300.0
16100.0
16200.0
16100.0
16500.0
16200.0
76400.0
34600.0
16200.0
16300.0
17300.0
18100.0
19700.0
16000.0
19200.0
16300.0
16100.0
16200.0
33100.0
16100.0
16100.0
16000.0
16100.0
29300.0
16100.0
16000.0
16100.0
16100.0
28200.0
16000.0
16100.0
16100.0
16000.0
16300.0
29900.0
16200.0
16100.0
16300.0
16300.0
16300.0
16400.0
32500.0
38400.0
16100.0
17200.0
18100.0
17800.0
15600.0
17900.0
18400.0
15600.0
18400.0
19400.0
19300.0
19700.0
16300.0
19400.0
19400.0
19300.0
17900.0
19400.0
19400.0
19400.0
38000.0
28500.0
19300.0
19400.0
16100.0
15900.0
15800.0
15800.0
31000.0
18000.0
19400.0
19400.0
19500.0
19400.0
19300.0
19300.0
19400.0
19500.0
15500.0
19400.0
19400.0
19400.0
19600.0
19400.0
19700.0
19300.0
19400.0
19400.0
19600.0
19300.0
19400.0
19300.0
19300.0
19400.0
19400.0
15400.0
19300.0
19400.0
19400.0
19300.0
16800.0
16200.0
40200.0
16000.0
17300.0
16200.0
18100.0
17100.0
18400.0
18400.0
18500.0
18300.0
40500.0
17600.0
19200.0
16900.0
18100.0
18700.0
18600.0
18400.0
18200.0
65700.0
17300.0
16200.0
16200.0
16100.0
16000.0
18200.0
16000.0
16200.0
16000.0
31300.0
15900.0
15900.0
15900.0
31200.0
15900.0
15900.0
15800.0
31400.0
15800.0
15800.0
15900.0
28900.0
15900.0
15900.0
16300.0
15900.0
31200.0
16100.0
16100.0
15900.0
16100.0
31200.0
18400.0
16100.0
15800.0
15900.0
16100.0
16100.0
18300.0
18400.0
18600.0
39500.0
35600.0
16000.0
18600.0
41300.0
18000.0
19300.0
19100.0
16000.0
19300.0
19300.0
19300.0
19600.0
19300.0
19300.0
19400.0
19300.0
15500.0
19600.0
19400.0
19400.0
36400.0
19800.0
19400.0
19600.0
19400.0
19700.0
19400.0
19700.0
19200.0
19500.0
19300.0
19300.0
19400.0
30100.0
19500.0
19400.0
19400.0
19600.0
19300.0
25100.0
19400.0
19600.0
19300.0
19400.0
19400.0
19600.0
19300.0
19600.0
17700.0
19600.0
32100.0
17600.0
17700.0
16200.0
17800.0
87900.0
16200.0
16100.0
16200.0
33500.0
20100.0
16200.0
18300.0
16100.0
16200.0
16100.0
37500.0
16000.0
16100.0
16100.0
16100.0
16100.0
30000.0
16100.0
16100.0
16000.0
21100.0
16100.0
33600.0
16100.0
19100.0
16200.0
16400.0
16100.0
33300.0
16400.0
16300.0
16300.0
16300.0
16100.0
16200.0
32800.0
16300.0
16200.0
16200.0
16200.0
16000.0
32100.0
17700.0
16200.0
16000.0
16000.0
16200.0
33700.0
16300.0
16100.0
16000.0
16100.0
16100.0
33100.0
16200.0
16100.0
2523000.0
29500.0
17500.0
17100.0
17200.0
17200.0
19200.0
16900.0
18400.0
18900.0
18300.0
18300.0
18300.0
18700.0
16200.0
36400.0
16000.0
16400.0
29200.0
16200.0
16100.0
16000.0
16000.0
16000.0
16300.0
16100.0
18300.0
19400.0
19300.0
19300.0
16300.0
15900.0
15900.0
37700.0
15900.0
15900.0
15800.0
31900.0
15900.0
15900.0
16100.0
15800.0
27900.0
15800.0
15900.0
15800.0
27500.0
16100.0
16000.0
16100.0
16200.0
16400.0
16200.0
46900.0
16300.0
16200.0
16500.0
16100.0
16100.0
17900.0
33400.0
16100.0
16100.0
16200.0
19500.0
16000.0
33300.0
16000.0
15900.0
16000.0
31700.0
16000.0
16100.0
15800.0
16100.0
16100.0
30000.0
15900.0
16000.0
16000.0
35700.0
19100.0
19100.0
19000.0
18800.0
19300.0
19100.0
19400.0
16000.0
17600.0
15800.0
16100.0
16000.0
35000.0
16100.0
15900.0
15800.0
15900.0
34800.0
15900.0
15900.0
15900.0
31400.0
15900.0
30600.0
18300.0
16000.0
16000.0
18000.0
15800.0
17800.0
18200.0
18400.0
17800.0
18300.0
18700.0
17700.0
18300.0
18700.0
45600.0
34200.0
18300.0
18300.0
18300.0
18700.0
15600.0
18600.0
18300.0
16200.0
20400.0
17400.0
16000.0
16900.0
18100.0
19400.0
19400.0
19200.0
19300.0
19400.0
19900.0
19400.0
19600.0
15500.0
19600.0
16100.0
19300.0
19400.0
19600.0
16000.0
16100.0
16200.0
28300.0
26700.0
16100.0
16100.0
16100.0
16200.0
33000.0
16000.0
16200.0
16100.0
16100.0
16200.0
16000.0
38800.0
18000.0
19400.0
19300.0
19400.0
19400.0
19300.0
19400.0
19300.0
19400.0
19300.0
19300.0
15500.0
19400.0
19400.0
19300.0
19400.0
19400.0
15700.0
15900.0
32600.0
15800.0
15900.0
15900.0
47800.0
19300.0
18200.0
19300.0
19100.0
20300.0
19400.0
19400.0
19500.0
19300.0
32400.0
16400.0
16200.0
20600.0
16100.0
16000.0
19500.0
15900.0
16100.0
46800.0
37500.0
33000.0
83100.0
27000.0
27000.0
26900.0
27200.0
27100.0
31700.0
81600.0
24500.0
22700.0
22400.0
22500.0
22800.0
24900.0
23000.0
22700.0
22600.0
22600.0
22800.0
22700.0
41400.0
19400.0
23100.0
19400.0
19400.0
35700.0
19500.0
19400.0
19400.0
19400.0
21100.0
22800.0
18800.0
21800.0
16900.0
17200.0
17100.0
17100.0
45400.0
17400.0
17000.0
17100.0
17100.0
17100.0
37000.0
17100.0
17100.0
17000.0
17000.0
29400.0
16100.0
16100.0
16100.0
16000.0
16100.0
17800.0
33300.0
16200.0
16300.0
16400.0
16300.0
16100.0
31800.0
18600.0
16300.0
17800.0
16400.0
16100.0
16000.0
16000.0
17600.0
18600.0
18800.0
16000.0
16000.0
16000.0
16100.0
16100.0
16000.0
16000.0
16000.0
16100.0
15900.0
82900.0
17000.0
16100.0
16200.0
17900.0
16100.0
17100.0
18400.0
18100.0
18200.0
18600.0
18200.0
18400.0
18500.0
15900.0
16800.0
15900.0
16000.0
16100.0
34600.0
16000.0
16000.0
16300.0
16000.0
16100.0
15900.0
16000.0
16600.0
16000.0
15900.0
15900.0
15900.0
15800.0
16000.0
15900.0
15800.0
15900.0
16000.0
15900.0
15900.0
15900.0
18100.0
19200.0
19200.0
16100.0
16200.0
16100.0
18300.0
33700.0
16100.0
16100.0
16400.0
30400.0
59600.0
34100.0
17500.0
16100.0
29900.0
16000.0
15900.0
15900.0
42400.0
16000.0
16200.0
16300.0
15800.0
15900.0
37900.0
15900.0
15900.0
16100.0
15900.0
28400.0
15900.0
16100.0
16000.0
18700.0
16000.0
16100.0
16000.0
15900.0
15900.0
30900.0
16100.0
16100.0
16000.0
16100.0
16100.0
16000.0
32800.0
16000.0
17700.0
16000.0
16000.0
28900.0
16000.0
16000.0
15900.0
16000.0
32100.0
16000.0
15800.0
16100.0
16000.0
29300.0
16000.0
17500.0
16000.0
17500.0
27300.0
15900.0
15900.0
15900.0
31000.0
15900.0
16000.0
16000.0
16100.0
16100.0
16000.0
16200.0
17200.0
17300.0
44600.0
17700.0
18300.0
18600.0
18200.0
18300.0
18400.0
17500.0
16100.0
18200.0
18400.0
18300.0
18300.0
18300.0
18300.0
20100.0
17800.0
16000.0
16400.0
16300.0
16400.0
17600.0
15900.0
29900.0
15800.0
15800.0
15800.0
28500.0
15900.0
15900.0
15800.0
27100.0
16100.0
15800.0
15800.0
15900.0
31600.0
15800.0
15900.0
15900.0
31700.0
16000.0
16100.0
16000.0
17500.0
16000.0
16100.0
32800.0
15900.0
16200.0
59000.0
16100.0
28500.0
15500.0
15600.0
39800.0
15500.0
15600.0
60200.0
15500.0
15500.0
30000.0
18000.0
17900.0
16000.0
35600.0
16000.0
15900.0
15900.0
19100.0
15900.0
30600.0
15900.0
15900.0
15800.0
15900.0
28900.0
15900.0
15900.0
15800.0
15900.0
16000.0
31100.0
16000.0
15900.0
16100.0
15900.0
15900.0
15800.0
18300.0
30500.0
15900.0
15800.0
15800.0
16000.0
31600.0
15900.0
16100.0
16000.0
16000.0
16100.0
17700.0
16000.0
32500.0
16000.0
15900.0
16000.0
16100.0
16000.0
16500.0
17900.0
16200.0
45000.0
16100.0
16000.0
16100.0
16000.0
43400.0
16000.0
16200.0
16000.0
16100.0
16000.0
16000.0
16100.0
39900.0
16000.0
16000.0
16000.0
15900.0
15900.0
34000.0
16000.0
16000.0
16000.0
16100.0
16000.0
15900.0
32200.0
17100.0
34500.0
16100.0
16000.0
16100.0
17600.0
16100.0
32600.0
16000.0
17600.0
16100.0
16000.0
16100.0
15900.0
33600.0
16100.0
16000.0
16000.0
17600.0
16000.0
32900.0
16000.0
16100.0
16100.0
15900.0
31600.0
15900.0
15900.0
15900.0
16000.0
15900.0
29200.0
17100.0
18300.0
16200.0
17100.0
44700.0
18100.0
17800.0
18200.0
18600.0
16200.0
16000.0
18300.0
18200.0
18100.0
17600.0
18300.0
34600.0
40000.0
15900.0
16000.0
15900.0
30600.0
15900.0
15900.0
15900.0
28600.0
15800.0
15900.0
15900.0
27800.0
15900.0
16100.0
15900.0
15900.0
27900.0
17800.0
18000.0
19400.0
19100.0
19100.0
19500.0
19300.0
19400.0
19500.0
19700.0
69000.0
34200.0
19300.0
15500.0
19400.0
15900.0
27700.0
15900.0
16100.0
16300.0
16100.0
16100.0
16300.0
16200.0
35300.0
17500.0
15900.0
15800.0
15900.0
30100.0
16100.0
16600.0
15900.0
15900.0
42600.0
15800.0
15800.0
16000.0
28600.0
15900.0
15900.0
15900.0
31100.0
19500.0
16100.0
16000.0
16000.0
16100.0
31700.0
15800.0
16000.0
19300.0
17400.0
31000.0
16000.0
15900.0
15900.0
30800.0
16000.0
15900.0
15900.0
16000.0
30100.0
16000.0
16200.0
16000.0
15900.0
34700.0
15900.0
15800.0
15800.0
28500.0
17800.0
19000.0
18500.0
17000.0
16300.0
16100.0
41200.0
16000.0
16100.0
16200.0
15900.0
45800.0
15900.0
16000.0
52100.0
17500.0
17200.0
17100.0
16200.0
16100.0
43400.0
17700.0
16000.0
16100.0
16000.0
16000.0
16100.0
34600.0
18400.0
18200.0
15900.0
16000.0
16100.0
17600.0
35100.0
16000.0
16000.0
16000.0
16000.0
31000.0
16100.0
16000.0
15800.0
16000.0
16100.0
32800.0
15900.0
15900.0
15800.0
18000.0
32500.0
15900.0
21100.0
16100.0
16100.0
30900.0
18400.0
16100.0
16000.0
15900.0
15900.0
17100.0
18400.0
43600.0
18200.0
18300.0
18400.0
18200.0
18300.0
18200.0
18000.0
18900.0
19300.0
18800.0
19000.0
19100.0
18700.0
36600.0
19000.0
18900.0
19000.0
18900.0
18800.0
18900.0
18800.0
18900.0
18800.0
19200.0
18900.0
18900.0
18900.0
18900.0
18800.0
18900.0
15500.0
17500.0
18900.0
33300.0
18900.0
50000.0
28500.0
15900.0
15900.0
15900.0
28700.0
15800.0
15900.0
16000.0
48800.0
15900.0
15900.0
28700.0
15800.0
15900.0
15800.0
18800.0
32500.0
15900.0
15800.0
39600.0
17500.0
18000.0
18100.0
16200.0
32000.0
16000.0
15900.0
16000.0
16100.0
42300.0
16000.0
16300.0
15900.0
17700.0
16100.0
15900.0
37600.0
16000.0
15900.0
15900.0
27800.0
15900.0
16000.0
16000.0
16100.0
28800.0
16100.0
16000.0
16000.0
16100.0
16000.0
33600.0
16000.0
16000.0
16100.0
16000.0
16000.0
33900.0
15900.0
16000.0
15900.0
16100.0
16200.0
38100.0
16000.0
19800.0
16000.0
16000.0
33100.0
18900.0
16000.0
16000.0
16000.0
19400.0
18900.0
18800.0
18900.0
16000.0
16500.0
16100.0
26100.0
17700.0
41100.0
17700.0
18100.0
45700.0
18400.0
16600.0
16200.0
16000.0
16500.0
17100.0
41600.0
16000.0
16200.0
16000.0
16100.0
40000.0
46900.0
16100.0
16200.0
17300.0
28900.0
15800.0
15900.0
15800.0
28900.0
15900.0
15900.0
27400.0
15900.0
16200.0
15800.0
16200.0
15900.0
34300.0
15800.0
15900.0
16100.0
31000.0
16000.0
16000.0
15900.0
30000.0
15900.0
15900.0
16000.0
33000.0
17600.0
15900.0
16200.0
15900.0
24300.0
93400.0
16700.0
17900.0
18100.0
18700.0
17900.0
18500.0
18700.0
34400.0
30700.0
19400.0
19400.0
19000.0
19400.0
15400.0
19400.0
16200.0
16200.0
29400.0
16100.0
16300.0
15500.0
16400.0
16000.0
16100.0
16100.0
19700.0
18200.0
15900.0
15900.0
27900.0
16100.0
15900.0
15900.0
15800.0
29300.0
15900.0
15900.0
30800.0
15900.0
32700.0
16000.0
15900.0
15800.0
28900.0
19400.0
16000.0
15800.0
16100.0
18900.0
33400.0
15900.0
15900.0
18300.0
15900.0
33900.0
15900.0
18100.0
40600.0
17100.0
18100.0
18200.0
18300.0
18300.0
18300.0
37900.0
27700.0
17700.0
33900.0
18300.0
18300.0
17900.0
18600.0
18200.0
15900.0
16100.0
16000.0
16000.0
31900.0
18100.0
19300.0
19100.0
15400.0
18000.0
19400.0
19200.0
19100.0
19300.0
19400.0
32200.0
19300.0
19300.0
19200.0
19300.0
17800.0
19400.0
19400.0
19300.0
19100.0
15400.0
19200.0
19400.0
16200.0
19300.0
19400.0
19400.0
16100.0
17600.0
62100.0
16200.0
42700.0
16000.0
16100.0
16100.0
16000.0
44800.0
16100.0
15900.0
15900.0
15900.0
39100.0
15800.0
15900.0
15900.0
16100.0
34700.0
15900.0
15900.0
18000.0
15900.0
28400.0
15900.0
19300.0
18000.0
15800.0
15800.0
35800.0
16000.0
16000.0
16000.0
21200.0
33500.0
15900.0
16000.0
16000.0
17600.0
31900.0
15900.0
15800.0
16000.0
16200.0
33200.0
16000.0
16100.0
15800.0
16000.0
30800.0
15900.0
15900.0
15800.0
30800.0
15900.0
16000.0
15900.0
28500.0
15900.0
15900.0
16100.0
15900.0
16300.0
16300.0
58600.0
16400.0
16200.0
17500.0
18900.0
18400.0
18300.0
18200.0
18700.0
18400.0
18700.0
17800.0
18600.0
16600.0
16500.0
16400.0
33000.0
15900.0
16100.0
36800.0
15900.0
15800.0
15900.0
28500.0
15900.0
15900.0
15900.0
27300.0
15900.0
15900.0
16100.0
15800.0
16200.0
33900.0
15900.0
16000.0
19500.0
18500.0
19300.0
19600.0
32100.0
19000.0
19100.0
19000.0
19100.0
19200.0
19400.0
15500.0
19300.0
19300.0
19300.0
19300.0
16200.0
16300.0
35200.0
16000.0
17500.0
33200.0
17600.0
17000.0
17600.0
18000.0
18400.0
17700.0
17900.0
15900.0
16000.0
19300.0
19400.0
19400.0
19300.0
19100.0
19100.0
16100.0
18000.0
19300.0
19200.0
19200.0
38000.0
19400.0
19100.0
15500.0
19400.0
19300.0
19300.0
32200.0
19300.0
19300.0
18700.0
19300.0
19100.0
19500.0
19200.0
17400.0
19300.0
19300.0
19300.0
19400.0
16200.0
32400.0
15900.0
16100.0
16200.0
16000.0
16300.0
16000.0
16000.0
15900.0
16100.0
16000.0
16000.0
42000.0
16100.0
15900.0
15900.0
16000.0
16100.0
15900.0
33000.0
15900.0
15800.0
15900.0
28200.0
16000.0
16000.0
16000.0
17400.0
31800.0
16100.0
16000.0
16000.0
15900.0
16100.0
36900.0
15800.0
16000.0
16100.0
15800.0
32800.0
16000.0
16000.0
16000.0
19300.0
15900.0
16100.0
39000.0
16100.0
15900.0
16100.0
17700.0
16100.0
16100.0
34900.0
16000.0
15900.0
16100.0
16000.0
33800.0
16100.0
16000.0
16000.0
16000.0
31600.0
16000.0
29000.0
43000.0
16300.0
16000.0
16000.0
16000.0
16100.0
45200.0
16000.0
15900.0
15900.0
26600.0
16000.0
32500.0
16900.0
17400.0
17900.0
17700.0
16100.0
15900.0
16000.0
16000.0
16000.0
17700.0
16000.0
33000.0
18800.0
18400.0
18600.0
18500.0
18700.0
18600.0
18600.0
18700.0
16000.0
16200.0
15900.0
18200.0
19400.0
19300.0
19000.0
19100.0
19300.0
19200.0
16000.0
19600.0
16100.0
19200.0
19400.0
19300.0
19400.0
19400.0
36500.0
16100.0
33800.0
16800.0
16000.0
16000.0
42800.0
16100.0
18100.0
15900.0
15900.0
55600.0
27000.0
15900.0
15900.0
16000.0
35500.0
15900.0
16200.0
15900.0
16000.0
16000.0
16300.0
16200.0
16200.0
18400.0
19400.0
19400.0
19200.0
19100.0
19200.0
19400.0
19100.0
35200.0
19400.0
15400.0
19600.0
19100.0
19300.0
19400.0
19700.0
19400.0
19100.0
19600.0
19400.0
19500.0
19300.0
19300.0
19600.0
19400.0
19300.0
15700.0
16100.0
15900.0
15900.0
16400.0
15900.0
17100.0
16800.0
17000.0
16100.0
26100.0
16100.0
17700.0
25300.0
15900.0
28100.0
43500.0
53300.0
16100.0
16300.0
16000.0
16200.0
18900.0
19300.0
19200.0
19300.0
19300.0
19400.0
19300.0
19200.0
19400.0
19300.0
19200.0
16200.0
16300.0
16100.0
16000.0
15900.0
15800.0
31800.0
15900.0
15900.0
15900.0
27800.0
20300.0
19100.0
19100.0
19200.0
16100.0
19300.0
19000.0
19400.0
60400.0
18500.0
16700.0
18200.0
18500.0
18300.0
18900.0
18600.0
18400.0
17000.0
18700.0
74700.0
16100.0
17900.0
18100.0
19100.0
19100.0
53800.0
15900.0
15900.0
29900.0
15800.0
15800.0
15900.0
28000.0
15800.0
15900.0
15900.0
28100.0
15900.0
15800.0
15900.0
27800.0
15900.0
15900.0
15900.0
28600.0
15900.0
16000.0
16000.0
16000.0
38200.0
16200.0
16300.0
19400.0
19400.0
18500.0
19300.0
19500.0
19400.0
19100.0
15500.0
19300.0
19300.0
19600.0
37400.0
19400.0
19400.0
19200.0
19400.0
19500.0
19300.0
36800.0
63200.0
16500.0
16200.0
16200.0
16200.0
16400.0
51900.0
15900.0
17500.0
16100.0
20500.0
15800.0
40400.0
15900.0
19200.0
16100.0
16100.0
16300.0
38000.0
18300.0
19400.0
17800.0
16100.0
19300.0
19200.0
19100.0
19200.0
19400.0
19400.0
16200.0
19400.0
19400.0
19400.0
16100.0
19300.0
19200.0
19400.0
33900.0
19400.0
16200.0
19500.0
45600.0
19200.0
19400.0
19500.0
19300.0
16100.0
16600.0
33100.0
15900.0
15800.0
15900.0
29800.0
18500.0
41600.0
18300.0
16100.0
18100.0
18400.0
17900.0
18200.0
18400.0
18100.0
38900.0
18300.0
18300.0
18400.0
18300.0
18800.0
43600.0
17800.0
18100.0
17700.0
16400.0
16100.0
16000.0
30100.0
16100.0
15900.0
15900.0
18300.0
19400.0
19100.0
19000.0
19400.0
19000.0
19100.0
19200.0
34900.0
17200.0
16100.0
19200.0
19300.0
19100.0
19300.0
19100.0
19400.0
19400.0
19300.0
19300.0
19100.0
19300.0
19000.0
19300.0
19400.0
19400.0
35400.0
16100.0
54800.0
16200.0
16100.0
41700.0
16900.0
46200.0
18200.0
18400.0
18500.0
17900.0
15900.0
31200.0
15900.0
15900.0
15800.0
29500.0
16100.0
15900.0
15800.0
15900.0
29300.0
15900.0
15900.0
15900.0
28000.0
18300.0
15900.0
15900.0
15900.0
16100.0
28400.0
15800.0
16000.0
16200.0
16000.0
32000.0
15900.0
19300.0
16000.0
16100.0
31800.0
20700.0
16000.0
15900.0
16000.0
34900.0
18700.0
15900.0
16100.0
18200.0
16000.0
18300.0
18600.0
19600.0
18600.0
18400.0
34500.0
16000.0
16000.0
16000.0
96300.0
16200.0
16300.0
16500.0
35300.0
16100.0
16000.0
16100.0
16000.0
43600.0
21100.0
15900.0
18400.0
16100.0
16100.0
16000.0
16100.0
40700.0
16100.0
16100.0
18200.0
17700.0
18100.0
18700.0
16100.0
16000.0
15900.0
32300.0
15900.0
15900.0
15800.0
27300.0
16100.0
15800.0
15900.0
15900.0
15900.0
15900.0
15900.0
16000.0
18900.0
16100.0
32400.0
15800.0
20800.0
16100.0
16000.0
31700.0
15900.0
16000.0
16100.0
17600.0
32500.0
19500.0
16000.0
16300.0
18000.0
21000.0
16000.0
41900.0
16100.0
19600.0
15800.0
16100.0
33400.0
17700.0
15900.0
16000.0
16100.0
17400.0
33800.0
16000.0
16000.0
19300.0
16000.0
16100.0
32900.0
16100.0
18900.0
18600.0
18800.0
16200.0
19200.0
18900.0
18900.0
34300.0
18900.0
18500.0
18800.0
16000.0
15900.0
33900.0
15900.0
16100.0
15900.0
34600.0
15900.0
15900.0
16100.0
16100.0
30200.0
16000.0
15900.0
15900.0
31200.0
15800.0
15900.0
15800.0
32200.0
16200.0
15900.0
15900.0
16000.0
32300.0
15900.0
15900.0
16000.0
15900.0
73800.0
36500.0
16400.0
16000.0
16200.0
19800.0
17000.0
17300.0
17000.0
17100.0
17600.0
16300.0
16200.0
18100.0
18200.0
18700.0
16000.0
16000.0
33400.0
16100.0
16000.0
16000.0
16000.0
17700.0
32400.0
16000.0
16000.0
16100.0
15900.0
31600.0
16100.0
16100.0
16000.0
15900.0
29300.0
16000.0
16100.0
15900.0
16000.0
38600.0
16200.0
16200.0
16200.0
17800.0
16100.0
16000.0
16000.0
37600.0
16000.0
16000.0
15900.0
16100.0
32200.0
16000.0
16200.0
17600.0
15900.0
79700.0
17500.0
16300.0
18900.0
18800.0
17300.0
18900.0
18900.0
18800.0
34200.0
34400.0
18900.0
18900.0
16100.0
18900.0
18900.0
18900.0
18500.0
15800.0
16100.0
40500.0
15900.0
16000.0
15900.0
33000.0
15900.0
15800.0
15800.0
44200.0
16100.0
16100.0
15900.0
17300.0
29600.0
21300.0
16200.0
15900.0
16100.0
16100.0
16100.0
16100.0
26900.0
16100.0
16000.0
16100.0
16100.0
18900.0
16000.0
16200.0
16000.0
15900.0
49300.0
16000.0
17500.0
17900.0
19600.0
18700.0
18700.0
18300.0
18400.0
17900.0
18600.0
18700.0
18900.0
18700.0
18700.0
18500.0
18700.0
18700.0
18700.0
16000.0
35900.0
18600.0
28300.0
16200.0
16100.0
41600.0
17700.0
15900.0
15900.0
32800.0
15900.0
15900.0
15900.0
18400.0
18300.0
18000.0
31700.0
18100.0
15900.0
15900.0
15900.0
18100.0
18100.0
18000.0
34700.0
16100.0
16000.0
16100.0
16100.0
16100.0
16100.0
16000.0
21300.0
16600.0
16000.0
22500.0
16100.0
16000.0
17700.0
16000.0
16200.0
16800.0
16200.0
16500.0
16100.0
16200.0
18000.0
16400.0
16300.0
17100.0
15900.0
18400.0
18300.0
19500.0
16000.0
17300.0
18600.0
16100.0
18700.0
17300.0
35400.0
16100.0
17900.0
17600.0
17700.0
16000.0
15900.0
33500.0
16000.0
15900.0
16000.0
16000.0
31500.0
15900.0
15900.0
15900.0
31400.0
15900.0
16000.0
16000.0
15800.0
31400.0
15900.0
16000.0
27600.0
17000.0
18500.0
19500.0
30300.0
15800.0
15900.0
15900.0
30000.0
15900.0
16000.0
18800.0
18700.0
18600.0
19100.0
19100.0
19100.0
28600.0
19300.0
19300.0
19100.0
19300.0
19400.0
19200.0
19400.0
19200.0
19600.0
19300.0
19400.0
19400.0
19300.0
19400.0
19500.0
31300.0
16200.0
19400.0
19300.0
19400.0
16200.0
16100.0
16000.0
15900.0
16000.0
15900.0
16000.0
16000.0
15900.0
18100.0
19400.0
19300.0
19400.0
29500.0
19300.0
19300.0
19300.0
19400.0
18200.0
19300.0
19500.0
19300.0
19400.0
19300.0
16200.0
17200.0
17500.0
16100.0
16100.0
37700.0
16200.0
16000.0
16000.0
16000.0
44600.0
16000.0
15900.0
18500.0
16100.0
18100.0
19500.0
18600.0
16500.0
29300.0
15900.0
15900.0
15900.0
16100.0
29300.0
15800.0
18500.0
16100.0
18000.0
19300.0
19600.0
19100.0
19300.0
19100.0
19300.0
19300.0
19400.0
19400.0
19600.0
19100.0
33200.0
19300.0
19200.0
19400.0
19300.0
19100.0
19400.0
19400.0
19400.0
26400.0
15800.0
41000.0
18700.0
18200.0
15800.0
15900.0
15900.0
16100.0
33100.0
15900.0
15900.0
15900.0
848700.0
18000.0
15500.0
18500.0
19100.0
18700.0
18000.0
27800.0
15900.0
15800.0
15800.0
28600.0
16200.0
15900.0
15800.0
15900.0
29100.0
15900.0
15900.0
15900.0
28100.0
15900.0
15900.0
16000.0
28900.0
15900.0
15900.0
16000.0
16000.0
30200.0
15900.0
17700.0
16100.0
31400.0
16100.0
17800.0
16100.0
16100.0
16000.0
30900.0
16100.0
16100.0
15900.0
16100.0
31700.0
16100.0
17800.0
16000.0
15900.0
33600.0
15900.0
15800.0
15900.0
31500.0
15900.0
15900.0
15900.0
31200.0
18400.0
16000.0
15900.0
15900.0
30700.0
29400.0
18300.0
19000.0
15900.0
16000.0
16000.0
38300.0
15900.0
17600.0
15800.0
16000.0
33700.0
16000.0
16100.0
16000.0
16100.0
31000.0
16100.0
16000.0
15900.0
16000.0
35100.0
16100.0
16000.0
16000.0
16000.0
16100.0
31100.0
15900.0
16000.0
16100.0
16200.0
16000.0
16100.0
33600.0
16000.0
19100.0
16000.0
16000.0
16100.0
20600.0
16000.0
16100.0
34800.0
17700.0
15800.0
15900.0
15900.0
18600.0
15900.0
33100.0
16000.0
18400.0
15900.0
15800.0
15900.0
19300.0
32500.0
15900.0
16000.0
15900.0
17200.0
18200.0
18000.0
18600.0
18800.0
17300.0
16000.0
18200.0
16300.0
16400.0
16400.0
15800.0
15800.0
15900.0
15800.0
15900.0
15800.0
27900.0
15900.0
15800.0
15900.0
27700.0
15900.0
16000.0
16200.0
15900.0
15900.0
32100.0
15900.0
15900.0
15900.0
15900.0
28500.0
16000.0
16000.0
16100.0
15900.0
16000.0
16000.0
16000.0
31600.0
15900.0
17600.0
16000.0
16000.0
16000.0
33800.0
16000.0
16000.0
16100.0
15900.0
16400.0
16200.0
16200.0
16200.0
18300.0
16000.0
16100.0
16100.0
16000.0
16000.0
37100.0
16000.0
16000.0
15900.0
15900.0
34300.0
16000.0
16000.0
16000.0
15900.0
30400.0
15900.0
16100.0
15900.0
16100.0
16300.0
19300.0
19400.0
33500.0
16000.0
16000.0
16000.0
28300.0
15900.0
16200.0
16400.0
27700.0
16200.0
16300.0
18300.0
19400.0
28600.0
19300.0
19500.0
19400.0
19400.0
19700.0
19300.0
19600.0
16000.0
16300.0
16100.0
16300.0
16200.0
34400.0
19400.0
16000.0
19300.0
15500.0
19400.0
16100.0
19400.0
19300.0
19300.0
51900.0
16400.0
16500.0
17000.0
17500.0
42900.0
18200.0
18300.0
18300.0
18300.0
16000.0
18500.0
19400.0
18900.0
19600.0
18600.0
16100.0
15900.0
15900.0
30300.0
15800.0
15900.0
15900.0
28500.0
15900.0
15900.0
15800.0
15900.0
16200.0
29800.0
15900.0
15900.0
15900.0
15900.0
27700.0
16000.0
16100.0
16200.0
16000.0
17400.0
16100.0
26400.0
16000.0
32800.0
15900.0
16100.0
15800.0
19300.0
16000.0
19500.0
16100.0
18000.0
19300.0
18200.0
18300.0
18400.0
18500.0
40200.0
16000.0
16000.0
16000.0
16000.0
16200.0
37800.0
16000.0
16000.0
15900.0
16000.0
30700.0
16000.0
16000.0
16000.0
15900.0
30600.0
16000.0
15900.0
16000.0
17400.0
32700.0
16100.0
16100.0
16000.0
16100.0
16100.0
35000.0
16100.0
16000.0
16000.0
15900.0
30900.0
15900.0
16100.0
15800.0
16000.0
32700.0
16000.0
16100.0
16100.0
16100.0
15900.0
31700.0
15800.0
15900.0
16000.0
28700.0
15900.0
16000.0
15900.0
30500.0
15800.0
15900.0
15800.0
31600.0
16100.0
15900.0
15900.0
15900.0
32300.0
15900.0
16100.0
16100.0
18800.0
17900.0
43100.0
18200.0
17800.0
18400.0
16000.0
44200.0
16000.0
16200.0
15800.0
17600.0
16100.0
19600.0
19300.0
19400.0
19400.0
16000.0
31100.0
15800.0
15900.0
15900.0
15900.0
27700.0
15800.0
16000.0
15900.0
16000.0
34200.0
16100.0
16100.0
16000.0
19200.0
16000.0
32600.0
17600.0
20600.0
16000.0
16000.0
15900.0
19000.0
16000.0
32200.0
16100.0
20500.0
16000.0
15900.0
16000.0
17400.0
16000.0
36400.0
16000.0
19100.0
15900.0
15900.0
15900.0
38000.0
16000.0
55500.0
15900.0
19200.0
16300.0
16000.0
15900.0
35300.0
15900.0
15900.0
15900.0
31900.0
15900.0
15800.0
16000.0
31200.0
15900.0
19600.0
15900.0
28600.0
16100.0
19600.0
18300.0
19300.0
19400.0
19400.0
19400.0
19600.0
19400.0
19300.0
19300.0
19400.0
19400.0
19300.0
19300.0
19300.0
19600.0
29500.0
19300.0
19300.0
19300.0
19300.0
19400.0
19300.0
19400.0
16100.0
19400.0
19400.0
19400.0
19300.0
19400.0
19300.0
19400.0
19400.0
32600.0
19400.0
19400.0
16100.0
19400.0
19300.0
19300.0
15900.0
29800.0
15800.0
15800.0
16200.0
17700.0
18400.0
16200.0
16000.0
15900.0
16100.0
16000.0
37200.0
15900.0
16000.0
15900.0
15900.0
29600.0
15800.0
15900.0
17500.0
15800.0
15900.0
28900.0
15800.0
15900.0
15900.0
16100.0
15900.0
30500.0
15800.0
16000.0
19000.0
16000.0
16100.0
32700.0
19000.0
16100.0
16000.0
16000.0
19500.0
18200.0
16200.0
16000.0
15900.0
16000.0
16000.0
16000.0
16100.0
16000.0
16000.0
16000.0
15800.0
15900.0
15900.0
30700.0
15800.0
15900.0
15900.0
15900.0
29300.0
16000.0
15900.0
15900.0
15800.0
15900.0
30000.0
16000.0
17500.0
16100.0
16100.0
16000.0
17200.0
18200.0
18200.0
18300.0
18400.0
18300.0
16200.0
16200.0
17400.0
31500.0
16300.0
26800.0
15900.0
18200.0
16100.0
16000.0
16100.0
16200.0
17400.0
16000.0
15900.0
15900.0
15900.0
16000.0
15900.0
16000.0
15900.0
16000.0
16000.0
67300.0
16000.0
16000.0
16000.0
16100.0
18000.0
18400.0
18700.0
18700.0
15900.0
16000.0
16000.0
30700.0
15900.0
15900.0
50500.0
16000.0
16000.0
16100.0
18400.0
18000.0
19500.0
19400.0
19400.0
19300.0
19300.0
19400.0
19400.0
29600.0
19400.0
19700.0
19300.0
19500.0
19300.0
19400.0
19300.0
17600.0
15900.0
15900.0
15900.0
15900.0
15900.0
15900.0
15800.0
15900.0
16100.0
31100.0
15900.0
24800.0
18100.0
19400.0
19400.0
19600.0
19400.0
19400.0
19700.0
19400.0
19300.0
19500.0
18700.0
19400.0
19300.0
15400.0
37600.0
19400.0
19400.0
19400.0
19400.0
15900.0
17800.0
16000.0
30900.0
15900.0
15800.0
15900.0
16200.0
16100.0
18400.0
16200.0
16100.0
16000.0
16000.0
40100.0
16000.0
16000.0
20300.0
60600.0
16200.0
16100.0
15900.0
32100.0
19200.0
18200.0
19300.0
19300.0
16100.0
15600.0
19300.0
18400.0
19300.0
19300.0
19500.0
19300.0
19300.0
38400.0
19300.0
19400.0
19300.0
19500.0
19600.0
19600.0
19400.0
19400.0
15500.0
19400.0
19600.0
19400.0
19300.0
19300.0
19400.0
19400.0
19400.0
19400.0
34500.0
19300.0
19300.0
19400.0
19600.0
19300.0
19300.0
15500.0
19400.0
19400.0
19300.0
19300.0
80300.0
16000.0
16000.0
16200.0
15900.0
29200.0
15800.0
15900.0
18200.0
15800.0
28500.0
16000.0
16100.0
15900.0
15900.0
19700.0
29000.0
15900.0
15900.0
15800.0
28100.0
15900.0
15800.0
15800.0
27100.0
15900.0
15900.0
16000.0
30700.0
16100.0
16100.0
15900.0
17600.0
16000.0
31700.0
16100.0
15800.0
15900.0
31800.0
16000.0
16000.0
16000.0
15900.0
29900.0
16000.0
16000.0
16200.0
15900.0
31800.0
15800.0
15900.0
15800.0
31300.0
15800.0
40200.0
15900.0
16100.0
15900.0
15900.0
19300.0
34400.0
15900.0
15900.0
16000.0
17400.0
16200.0
50300.0
17500.0
18400.0
19400.0
19400.0
19300.0
19300.0
19300.0
19300.0
19300.0
19300.0
19400.0
19600.0
19400.0
31800.0
19400.0
19400.0
19200.0
19400.0
31200.0
15900.0
15900.0
15800.0
15900.0
15800.0
15800.0
31300.0
15900.0
15800.0
15900.0
28500.0
17500.0
19700.0
19600.0
15900.0
15900.0
15900.0
15900.0
30500.0
15900.0
15900.0
15800.0
15900.0
28100.0
15800.0
15900.0
15900.0
15800.0
16100.0
32600.0
15900.0
15900.0
15900.0
15900.0
27800.0
15800.0
15900.0
15900.0
15800.0
47300.0
16000.0
16000.0
17500.0
16000.0
16000.0
20300.0
15900.0
15900.0
15900.0
17500.0
17700.0
16100.0
15900.0
19300.0
19800.0
16000.0
18300.0
15900.0
15800.0
15900.0
31500.0
15900.0
16200.0
15900.0
15800.0
15900.0
29100.0
15900.0
20000.0
19300.0
16000.0
16000.0
16000.0
32500.0
16000.0
15900.0
16100.0
16000.0
16000.0
16200.0
17800.0
16200.0
16000.0
16000.0
16000.0
16100.0
16000.0
36800.0
16200.0
16400.0
16200.0
16200.0
16200.0
16400.0
16200.0
16000.0
16000.0
16100.0
18700.0
18600.0
18700.0
18700.0
15900.0
15900.0
15800.0
29700.0
15900.0
15900.0
15800.0
15900.0
28500.0
15900.0
16000.0
16000.0
15900.0
16000.0
16000.0
34300.0
16100.0
16100.0
15900.0
16000.0
16000.0
15900.0
31700.0
16000.0
15800.0
16000.0
16000.0
16000.0
16000.0
31900.0
16000.0
15900.0
16000.0
15900.0
16100.0
15900.0
34900.0
15900.0
19300.0
15900.0
15900.0
15800.0
37100.0
15900.0
15800.0
16000.0
15900.0
15900.0
15800.0
36800.0
20300.0
57000.0
23800.0
16900.0
107900.0
17000.0
18800.0
17500.0
17800.0
18600.0
18300.0
18600.0
16000.0
17800.0
16000.0
16100.0
18900.0
18300.0
19300.0
16100.0
16100.0
17500.0
16100.0
32300.0
16100.0
17900.0
15900.0
33700.0
15900.0
16100.0
19300.0
19300.0
16100.0
18000.0
19300.0
19300.0
34800.0
19300.0
19600.0
19300.0
19300.0
19400.0
19300.0
19300.0
19300.0
19300.0
16100.0
16300.0
18100.0
40600.0
19300.0
18800.0
18400.0
16100.0
16000.0
16400.0
17600.0
17600.0
19000.0
16300.0
20400.0
16100.0
16100.0
16100.0
16100.0
30300.0
16100.0
16200.0
16100.0
28100.0
16000.0
16000.0
16100.0
16100.0
28100.0
16000.0
16000.0
16100.0
16000.0
16400.0
16100.0
32200.0
16200.0
16200.0
16200.0
16000.0
34300.0
16100.0
19200.0
16200.0
16100.0
16300.0
36300.0
16200.0
16000.0
16100.0
19200.0
16100.0
34400.0
16200.0
19400.0
16000.0
16100.0
16300.0
19000.0
16300.0
17700.0
16100.0
19400.0
16100.0
16100.0
29300.0
16200.0
16000.0
16200.0
16100.0
18900.0
16100.0
33400.0
16100.0
19400.0
17800.0
19400.0
53500.0
16100.0
16000.0
16000.0
15900.0
16000.0
16400.0
16400.0
16500.0
17000.0
50400.0
17000.0
16300.0
16200.0
16400.0
16400.0
16200.0
50100.0
17600.0
18300.0
18200.0
16300.0
16200.0
16400.0
16000.0
16200.0
16400.0
16300.0
35300.0
16400.0
16300.0
16300.0
16100.0
16300.0
16200.0
31700.0
16200.0
16000.0
16100.0
16300.0
16000.0
16300.0
16100.0
33900.0
16300.0
16300.0
16200.0
16100.0
16200.0
32200.0
16100.0
16100.0
16200.0
16200.0
16200.0
29200.0
16400.0
27200.0
19600.0
16100.0
16200.0
33200.0
19800.0
16100.0
16100.0
16100.0
15900.0
34300.0
15900.0
16100.0
34800.0
16100.0
16000.0
16200.0
16300.0
16100.0
32900.0
16300.0
16300.0
16400.0
16100.0
16200.0
16200.0
33100.0
16200.0
16300.0
18700.0
16200.0
16300.0
16200.0
16300.0
36300.0
16200.0
16200.0
16300.0
16200.0
16200.0
16300.0
33400.0
16200.0
16100.0
16100.0
16100.0
16200.0
31300.0
16000.0
16000.0
16100.0
16200.0
16100.0
16000.0
16000.0
16000.0
16100.0
33800.0
16300.0
18100.0
16200.0
18300.0
19400.0
19400.0
19300.0
19400.0
38300.0
19400.0
19400.0
19400.0
16100.0
19400.0
19300.0
19300.0
19400.0
19500.0
19300.0
19300.0
19400.0
19400.0
19400.0
19300.0
19400.0
19400.0
19300.0
45100.0
18300.0
16100.0
19300.0
36000.0
19300.0
19400.0
19300.0
16700.0
18700.0
19700.0
19300.0
16000.0
19400.0
19300.0
19400.0
18000.0
19400.0
19300.0
16200.0
31700.0
19300.0
56900.0
19300.0
18500.0
19700.0
19300.0
19400.0
19300.0
19300.0
19400.0
19300.0
19400.0
19400.0
19400.0
19400.0
16100.0
16100.0
17100.0
16600.0
17100.0
17100.0
17000.0
20200.0
18700.0
38300.0
18300.0
16200.0
19400.0
16100.0
16000.0
16000.0
18100.0
16000.0
18600.0
18700.0
18700.0
18700.0
16100.0
16100.0
29900.0
16100.0
16100.0
16000.0
16100.0
33800.0
16200.0
16100.0
16200.0
16200.0
16000.0
16100.0
17600.0
18000.0
19300.0
19600.0
19600.0
19500.0
19700.0
19300.0
19300.0
19300.0
19600.0
19500.0
19300.0
19400.0
19300.0
16100.0
16200.0
17600.0
17600.0
19100.0
39800.0
16100.0
16100.0
16200.0
16100.0
31100.0
16100.0
16100.0
16200.0
16100.0
28700.0
16100.0
16100.0
16000.0
16100.0
16100.0
29000.0
16100.0
18900.0
16300.0
16300.0
16200.0
16300.0
16200.0
34300.0
16000.0
16200.0
16300.0
16200.0
16100.0
16300.0
17900.0
34900.0
16200.0
16100.0
16100.0
16300.0
16300.0
18600.0
18100.0
31900.0
16300.0
16200.0
18100.0
16100.0
20000.0
16100.0
35500.0
16100.0
16100.0
16100.0
16100.0
32000.0
16000.0
16100.0
16100.0
16100.0
16100.0
15900.0
16100.0
16100.0
16300.0
19000.0
16100.0
18000.0
44500.0
18900.0
17300.0
18700.0
18800.0
16100.0
16000.0
16100.0
16200.0
16300.0
16300.0
15800.0
16100.0
30300.0
16000.0
16100.0
16100.0
16100.0
16200.0
30600.0
16000.0
16100.0
16000.0
16000.0
28400.0
16000.0
16100.0
16100.0
16200.0
16200.0
34000.0
16300.0
16100.0
18000.0
16300.0
16200.0
16200.0
17800.0
33700.0
16200.0
16200.0
16200.0
16000.0
16200.0
16300.0
38300.0
16300.0
16200.0
16100.0
16200.0
16200.0
34900.0
16200.0
16200.0
16000.0
16300.0
34200.0
16100.0
16100.0
16000.0
18700.0
16100.0
35300.0
16100.0
16100.0
15800.0
15900.0
19500.0
16000.0
16100.0
16000.0
17600.0
16200.0
31700.0
16000.0
20500.0
16000.0
15800.0
31000.0
20200.0
16000.0
16000.0
17600.0
16000.0
32500.0
16100.0
15900.0
15900.0
31300.0
15900.0
16000.0
16100.0
17600.0
31700.0
15800.0
32200.0
15900.0
15900.0
31800.0
19300.0
16100.0
15900.0
15900.0
37100.0
15900.0
15900.0
15900.0
34500.0
15900.0
15900.0
15900.0
35000.0
15900.0
15900.0
15900.0
29700.0
37600.0
16100.0
16000.0
15800.0
16100.0
16000.0
17600.0
37900.0
19100.0
17800.0
32700.0
17700.0
16200.0
16200.0
16200.0
17400.0
19300.0
19400.0
16200.0
19500.0
16100.0
16200.0
16100.0
52000.0
15900.0
16000.0
38600.0
16000.0
15900.0
16000.0
15900.0
34900.0
16000.0
15900.0
16000.0
16000.0
31400.0
16000.0
16000.0
16100.0
15900.0
30600.0
16100.0
17800.0
16000.0
16000.0
16100.0
33500.0
16000.0
16000.0
16000.0
16000.0
16100.0
33100.0
16000.0
16000.0
16000.0
15900.0
30300.0
17900.0
16500.0
18300.0
17300.0
18200.0
20800.0
18700.0
18300.0
17800.0
18700.0
16100.0
17900.0
18300.0
17700.0
16100.0
16400.0
16400.0
16400.0
19300.0
19300.0
19400.0
19500.0
19600.0
16200.0
19400.0
19400.0
19400.0
16200.0
19400.0
19300.0
37900.0
16100.0
18000.0
19300.0
19300.0
19400.0
16100.0
16100.0
35700.0
16100.0
16100.0
16100.0
19600.0
31700.0
16000.0
16000.0
16100.0
16100.0
16100.0
16000.0
41300.0
16200.0
16200.0
16100.0
16000.0
29100.0
16100.0
16100.0
16000.0
33800.0
15900.0
16200.0
17300.0
29600.0
15900.0
15900.0
15800.0
29800.0
16000.0
15900.0
15900.0
15900.0
31400.0
15900.0
15900.0
15800.0
28700.0
16000.0
15900.0
16000.0
16000.0
33200.0
15900.0
16000.0
16100.0
16000.0
16000.0
16500.0
16100.0
16300.0
16100.0
16000.0
16100.0
16200.0
31800.0
17500.0
16200.0
18000.0
16800.0
16200.0
16200.0
18300.0
16300.0
16100.0
16100.0
16100.0
15900.0
16000.0
16100.0
16100.0
40900.0
16100.0
16000.0
16000.0
16100.0
16000.0
16500.0
19300.0
18000.0
17300.0
18200.0
18600.0
18000.0
18900.0
18600.0
17500.0
36200.0
16400.0
16300.0
16300.0
15900.0
15900.0
16000.0
15900.0
15800.0
16000.0
15900.0
15900.0
16000.0
15900.0
15900.0
33400.0
18400.0
18300.0
18300.0
18400.0
15800.0
18700.0
23100.0
18300.0
16000.0
16100.0
40300.0
15900.0
15900.0
15900.0
16000.0
29700.0
16000.0
15800.0
15900.0
30200.0
15900.0
16200.0
15900.0
17500.0
17500.0
16100.0
18200.0
19300.0
16000.0
19300.0
19500.0
71600.0
19300.0
19300.0
19400.0
19400.0
19400.0
19600.0
15500.0
31000.0
19400.0
19500.0
19600.0
19300.0
19600.0
19600.0
19400.0
19300.0
19400.0
19400.0
19600.0
19300.0
19400.0
19400.0
19600.0
15500.0
19300.0
19600.0
19500.0
18400.0
19400.0
19600.0
19300.0
19500.0
19300.0
19600.0
19400.0
19400.0
19300.0
19600.0
19600.0
19200.0
15500.0
19600.0
19300.0
19500.0
19700.0
19500.0
19600.0
19700.0
19600.0
19400.0
19400.0
19400.0
19400.0
19500.0
19600.0
19600.0
16300.0
16100.0
15900.0
16200.0
34100.0
18000.0
18400.0
18100.0
18200.0
18400.0
18400.0
18700.0
16000.0
16600.0
18300.0
18100.0
18700.0
18800.0
16200.0
16000.0
32100.0
15900.0
15900.0
15900.0
15900.0
29000.0
15900.0
15900.0
15900.0
28400.0
16000.0
15900.0
15900.0
15900.0
31500.0
16200.0
15900.0
16100.0
16000.0
32600.0
16100.0
15900.0
16100.0
16000.0
16100.0
33700.0
17400.0
16100.0
18700.0
16100.0
15900.0
17600.0
16100.0
35900.0
16100.0
16100.0
16100.0
16000.0
15900.0
32500.0
15600.0
41900.0
32800.0
19000.0
19200.0
18500.0
18900.0
18900.0
19200.0
15400.0
19200.0
32100.0
19200.0
18400.0
19100.0
19300.0
19300.0
16800.0
18300.0
19400.0
19300.0
19300.0
19300.0
19300.0
19500.0
19200.0
31300.0
19400.0
19500.0
19300.0
19600.0
19400.0
19600.0
28500.0
16100.0
16100.0
16100.0
29500.0
16100.0
16100.0
16200.0
16100.0
29200.0
16000.0
16200.0
16000.0
16000.0
16100.0
16100.0
30400.0
16000.0
16000.0
17900.0
16000.0
17700.0
16600.0
16200.0
15800.0
16200.0
18200.0
15500.0
19300.0
19600.0
19200.0
15900.0
16200.0
16200.0
16100.0
16200.0
33200.0
16100.0
19800.0
16000.0
16100.0
29800.0
16100.0
16100.0
16000.0
16100.0
17900.0
16200.0
16100.0
28800.0
16100.0
16100.0
16000.0
16100.0
28300.0
16100.0
16100.0
16100.0
19500.0
18400.0
18400.0
30400.0
16300.0
18000.0
19200.0
19400.0
19200.0
19200.0
19400.0
19200.0
19400.0
19500.0
19400.0
19400.0
19400.0
19100.0
19500.0
19500.0
35300.0
18200.0
19400.0
19400.0
19500.0
19300.0
15900.0
19300.0
22600.0
29300.0
16300.0
16300.0
16300.0
16300.0
16000.0
16200.0
16100.0
16100.0
18100.0
18400.0
19300.0
18800.0
19700.0
16100.0
16200.0
18700.0
16100.0
33200.0
16100.0
16100.0
15900.0
16000.0
28000.0
16100.0
16100.0
16100.0
16100.0
28400.0
16200.0
16000.0
16000.0
16100.0
27300.0
16100.0
16100.0
16100.0
16100.0
27800.0
16200.0
16200.0
17400.0
16100.0
16100.0
32500.0
18600.0
16000.0
16100.0
16000.0
16000.0
16100.0
17900.0
16000.0
16000.0
34100.0
16200.0
15900.0
18500.0
20100.0
16100.0
37300.0
16100.0
16100.0
16100.0
16100.0
16300.0
31100.0
16200.0
17800.0
17900.0
16200.0
16200.0
16400.0
16200.0
18600.0
35000.0
16100.0
16300.0
16200.0
16100.0
16200.0
33500.0
16300.0
16300.0
16200.0
16300.0
16200.0
16200.0
30800.0
17600.0
16100.0
16100.0
16200.0
16100.0
16400.0
16200.0
33600.0
17800.0
16300.0
16200.0
16100.0
16100.0
16100.0
16200.0
16000.0
16100.0
16100.0
16100.0
16000.0
29900.0
15500.0
16000.0
16000.0
32200.0
15900.0
36800.0
51800.0
16000.0
16000.0
16000.0
16000.0
21100.0
44700.0
16000.0
16000.0
17900.0
16000.0
17800.0
43700.0
16100.0
15500.0
23900.0
31100.0
15900.0
16100.0
21300.0
16000.0
33500.0
15800.0
16000.0
16000.0
15900.0
30700.0
16200.0
16100.0
16100.0
16100.0
19400.0
16000.0
32200.0
15900.0
16200.0
16000.0
16000.0
31900.0
16100.0
16100.0
16100.0
16000.0
26200.0
19300.0
15500.0
16000.0
19400.0
19400.0
19400.0
19400.0
16200.0
16400.0
18100.0
16100.0
16100.0
16100.0
16000.0
16000.0
16100.0
16200.0
18400.0
15900.0
18300.0
26300.0
16400.0
18800.0
19200.0
19400.0
19200.0
74300.0
16100.0
16100.0
30800.0
16000.0
16100.0
16100.0
16100.0
16000.0
16100.0
30300.0
16100.0
16100.0
16000.0
16200.0
29100.0
16100.0
16000.0
16000.0
16200.0
28200.0
16300.0
16100.0
16000.0
16200.0
16300.0
16200.0
33500.0
16400.0
16100.0
16300.0
16200.0
16200.0
16100.0
33600.0
16200.0
16300.0
16200.0
16300.0
16000.0
16200.0
16000.0
16100.0
15500.0
17800.0
34900.0
16000.0
16100.0
17800.0
58400.0
15900.0
35300.0
16400.0
16300.0
16200.0
17900.0
16300.0
36200.0
16200.0
17800.0
16100.0
16300.0
16300.0
16200.0
35000.0
16300.0
17800.0
16100.0
16200.0
16000.0
16000.0
16100.0
16100.0
32500.0
15900.0
16000.0
16000.0
16100.0
15900.0
37500.0
16000.0
15900.0
15900.0
16000.0
30700.0
16000.0
16000.0
15900.0
33200.0
16000.0
16000.0
15800.0
30200.0
15900.0
16200.0
16100.0
15900.0
17700.0
32800.0
16000.0
16000.0
16000.0
16000.0
31600.0
16000.0
16000.0
16000.0
16100.0
30300.0
32000.0
16300.0
16600.0
18000.0
16000.0
18400.0
15900.0
19500.0
16400.0
16200.0
16300.0
15900.0
16300.0
16100.0
16100.0
34000.0
16100.0
16100.0
16000.0
16200.0
16000.0
31600.0
16100.0
28100.0
16100.0
18200.0
19300.0
19300.0
19300.0
16100.0
18000.0
18200.0
19300.0
19600.0
19500.0
18000.0
15500.0
19400.0
19500.0
29800.0
16100.0
16000.0
16100.0
16100.0
35900.0
16100.0
16100.0
16200.0
16100.0
28000.0
16100.0
23700.0
16100.0
44100.0
18500.0
15900.0
37000.0
15900.0
15900.0
16200.0
15900.0
34800.0
15900.0
18800.0
18500.0
18400.0
18300.0
18400.0
18400.0
18700.0
15900.0
18700.0
18200.0
18700.0
29000.0
15900.0
15900.0
15800.0
28500.0
15800.0
15900.0
15900.0
27900.0
15900.0
15900.0
15800.0
31500.0
16100.0
15900.0
15900.0
15800.0
17700.0
15900.0
15900.0
15900.0
35800.0
16100.0
16000.0
15900.0
20000.0
18400.0
19600.0
19300.0
17700.0
16300.0
16100.0
16100.0
27000.0
16000.0
15900.0
19800.0
15900.0
30700.0
15900.0
19700.0
16000.0
16000.0
15900.0
15900.0
15800.0
18300.0
29300.0
19300.0
19300.0
19400.0
19400.0
19400.0
19300.0
19400.0
19600.0
19600.0
19600.0
16200.0
19300.0
19300.0
19300.0
24900.0
19400.0
15500.0
19400.0
21200.0
19300.0
19700.0
34700.0
19300.0
19400.0
16000.0
19400.0
320800.0
16100.0
38700.0
17600.0
15900.0
15900.0
15900.0
16100.0
38700.0
16100.0
31700.0
15800.0
15900.0
15900.0
29000.0
15900.0
15900.0
15900.0
30800.0
15800.0
16100.0
16000.0
16000.0
31900.0
16100.0
15900.0
15800.0
16000.0
33900.0
16100.0
16100.0
15900.0
15900.0
33100.0
16000.0
17700.0
19900.0
15900.0
16000.0
39700.0
17400.0
16100.0
16000.0
19100.0
16200.0
16000.0
16000.0
16200.0
16100.0
16200.0
37400.0
16000.0
16100.0
16000.0
16000.0
15900.0
16000.0
16700.0
16000.0
16700.0
16100.0
16100.0
16300.0
18400.0
16400.0
17200.0
16200.0
16300.0
46600.0
16000.0
17900.0
17700.0
16200.0
16300.0
16000.0
19100.0
18100.0
18300.0
18000.0
19300.0
19400.0
19500.0
19400.0
19400.0
19400.0
19600.0
19500.0
19400.0
19300.0
19400.0
19300.0
19400.0
35700.0
19700.0
19400.0
18300.0
15900.0
15900.0
15900.0
15900.0
30300.0
15900.0
16000.0
15900.0
16100.0
32900.0
15900.0
16100.0
15900.0
16200.0
15900.0
30700.0
15900.0
15900.0
16100.0
15900.0
16000.0
27600.0
15800.0
15800.0
15900.0
28400.0
15900.0
15900.0
15900.0
31100.0
15900.0
16100.0
16000.0
16100.0
32900.0
16100.0
16000.0
15900.0
32800.0
18300.0
19300.0
19100.0
19300.0
17400.0
19400.0
16100.0
16100.0
15500.0
37200.0
16000.0
18300.0
16000.0
17500.0
66200.0
16000.0
16000.0
32100.0
15900.0
15900.0
15900.0
29500.0
15900.0
15900.0
15900.0
16100.0
28500.0
15900.0
15900.0
15900.0
27700.0
15900.0
15900.0
16000.0
29800.0
17900.0
15900.0
17100.0
15900.0
15900.0
36800.0
15800.0
16100.0
19300.0
16000.0
35700.0
16000.0
16100.0
16100.0
16000.0
16000.0
38500.0
16100.0
16100.0
15800.0
16100.0
31600.0
16000.0
15800.0
28300.0
15900.0
15900.0
17800.0
37200.0
16000.0
16100.0
16000.0
16100.0
35800.0
17400.0
16000.0
17600.0
16000.0
16000.0
33700.0
15900.0
16100.0
16000.0
16000.0
16000.0
32200.0
16000.0
16000.0
15900.0
31500.0
15800.0
15900.0
15900.0
29700.0
15900.0
15900.0
16300.0
18700.0
16200.0
15900.0
29700.0
15900.0
16100.0
51200.0
17400.0
17500.0
16900.0
16400.0
16500.0
16000.0
16900.0
18500.0
17400.0
17500.0
17800.0
16000.0
18300.0
19600.0
19600.0
18700.0
15900.0
30900.0
16000.0
18700.0
18700.0
18700.0
18600.0
18500.0
18600.0
18500.0
18700.0
18400.0
15800.0
18300.0
29500.0
15900.0
15900.0
15800.0
29200.0
15800.0
15900.0
15900.0
28000.0
15900.0
15800.0
15900.0
27500.0
19300.0
16200.0
16100.0
15900.0
15800.0
31900.0
16000.0
16100.0
16000.0
17700.0
33400.0
16000.0
18600.0
16100.0
15900.0
15900.0
18300.0
17800.0
16200.0
16000.0
15900.0
16200.0
15800.0
39500.0
16100.0
15900.0
15900.0
15800.0
35600.0
15900.0
16200.0
15900.0
15800.0
30900.0
19200.0
19100.0
15500.0
19100.0
16100.0
16100.0
16100.0
16100.0
18600.0
19300.0
19100.0
19000.0
19400.0
19400.0
19200.0
16000.0
18800.0
15900.0
15600.0
43400.0
51700.0
52000.0
49400.0
39900.0
172200.0
39800.0
39800.0
39800.0
33100.0
27000.0
29800.0
30700.0
27200.0
30500.0
26600.0
29300.0
27100.0
42700.0
22600.0
22500.0
22500.0
22500.0
22400.0
47200.0
31800.0
26000.0
22500.0
25900.0
26100.0
22500.0
22900.0
19500.0
19400.0
21600.0
21300.0
19400.0
19500.0
19500.0
19500.0
20400.0
19600.0
19500.0
17100.0
17200.0
18400.0
19200.0
17200.0
17100.0
18800.0
22900.0
19200.0
19400.0
19400.0
21200.0
20700.0
19600.0
19600.0
16100.0
16000.0
16100.0
16000.0
16200.0
17800.0
16200.0
26100.0
19500.0
18300.0
18600.0
18100.0
16200.0
18900.0
18100.0
18600.0
18500.0
18700.0
18700.0
18700.0
18300.0
18600.0
31500.0
22900.0
33600.0
18500.0
18700.0
17500.0
16100.0
16400.0
47100.0
26700.0
16500.0
174700.0
16600.0
18200.0
16300.0
18100.0
18400.0
17700.0
30200.0
28000.0
18300.0
18800.0
17500.0
16000.0
18000.0
19500.0
37100.0
19500.0
19300.0
19400.0
19300.0
19400.0
16200.0
15900.0
19300.0
19100.0
19300.0
19400.0
19300.0
19300.0
19300.0
19300.0
16300.0
19400.0
19400.0
19400.0
19300.0
19300.0
19300.0
19300.0
19300.0
19400.0
32000.0
19300.0
19300.0
19300.0
19600.0
19200.0
19400.0
19400.0
19400.0
19300.0
19400.0
25400.0
30800.0
16400.0
20500.0
16100.0
16100.0
18700.0
17700.0
19400.0
19400.0
19400.0
19300.0
19600.0
19300.0
19500.0
19400.0
19400.0
19300.0
19500.0
19600.0
19300.0
19400.0
19400.0
38700.0
19300.0
19300.0
19400.0
19400.0
19600.0
19400.0
19400.0
19300.0
19400.0
19400.0
19300.0
18000.0
19400.0
19400.0
19400.0
19400.0
16400.0
43300.0
33300.0
16000.0
28100.0
16000.0
18600.0
18500.0
16100.0
29600.0
18300.0
16000.0
16000.0
19400.0
19300.0
16100.0
36400.0
19200.0
19100.0
19600.0
16100.0
16000.0
15900.0
18300.0
41000.0
18300.0
18300.0
18600.0
33600.0
35900.0
17400.0
18100.0
18200.0
17600.0
15900.0
18100.0
19300.0
19600.0
19400.0
19300.0
19400.0
19300.0
19400.0
19400.0
19500.0
19300.0
16100.0
19300.0
39900.0
19300.0
19400.0
19400.0
19400.0
19300.0
16100.0
19400.0
19400.0
19600.0
16100.0
28300.0
48700.0
35100.0
16500.0
16600.0
27100.0
15800.0
17900.0
19400.0
28400.0
142700.0
16000.0
20800.0
18200.0
51200.0
16000.0
18300.0
19400.0
19600.0
18700.0
19400.0
19300.0
19300.0
15500.0
19300.0
19600.0
19400.0
19600.0
19600.0
19600.0
34600.0
16100.0
19400.0
19600.0
19400.0
16100.0
19400.0
19400.0
19400.0
42500.0
18400.0
19200.0
19400.0
15800.0
18000.0
19400.0
19400.0
19300.0
19300.0
19600.0
19400.0
19400.0
19300.0
19300.0
19600.0
17600.0
19400.0
19400.0
19300.0
19600.0
16100.0
19300.0
19400.0
15800.0
50000.0
19200.0
19300.0
19300.0
19400.0
19300.0
19300.0
19400.0
19400.0
19600.0
19400.0
42000.0
50600.0
27800.0
31000.0
16000.0
32800.0
53800.0
15900.0
15600.0
16200.0
56800.0
16200.0
42900.0
20400.0
18200.0
46900.0
18300.0
15500.0
15500.0
