5814800
757600
531000
432200
4968200
2396800
957200
1233600
7923100
799700
822900
775300
964800
1029600
1175000
1095100
1077200
989400
7604200
1321200
6755400
1416300
2250100
2050600
897700
1006100
8361900
1755300
888000
7800700
787400
1271400
713100
1163700
909500
774300
1201300
1226100
1280900
2958900
2109600
1147100
1815000
1381200
1314100
1083000
958400
6104800
1131200
1105900
1160200
1091200
1146000
786700
956000
1325300
1231000
5461700
1323500
1006600
1258600
1475500
1091100
1072600
502300
566600
736700
3691000
662600
874200
958200
752100
986900
553900
619900
525500
716900
555200
776800
464800
641000
599300
947400
543000
531500
578800
528500
725000
711500
605700
665300
457600
568000
552900
530900
596000
520200
488600
478600
557700
594300
727500
549900
538800
637700
620300
563500
1624400
611600
527100
626300
616700
1071900
579900
2488600
578600
526000
534200
679700
531600
558300
559000
598000
624000
524500
5655600
555300
510800
547200
506500
525600
549700
491600
498200
1077700
590100
578800
676900
1103000
537600
669600
1193700
538900
533200
4554700
1199700
822300
909200
1677900
1424100
1320000
869300
1140700
617800
1265100
2277100
901200
624300
5376400
2810900
934900
892900
972500
3306700
2296600
865100
937300
747700
1873200
911000
1204400
6824100
833100
981000
801100
6216000
877700
947400
1067800
663700
651400
587400
549800
846900
549200
1110800
824800
619000
785400
3784100
482600
1152400
485900
486400
477700
580100
558200
504000
663300
1550000
798000
529000
614600
455200
575400
491700
559000
561800
477600
505700
441900
545300
496100
604100
515700
514000
721200
552100
511400
508300
512900
519900
518400
879900
1833600
518300
594000
544000
539400
640400
683100
477700
822300
560700
559300
985400
856800
552400
793100
530400
888600
508800
565700
618900
882000
631500
482500
533900
643100
542700
592900
548100
449200
509600
340900
613800
334300
608400
490000
678200
530800
502100
529300
614800
615500
736700
524100
530600
542100
443400
494300
466100
488400
3476300
661500
665300
641200
629100
641100
497600
572000
861200
119800
141900
188100
97000
133000
256200
116800
588100
193500
93100
206300
98400
116500
91600
111000
105600
90200
92400
96600
85400
85700
85400
100400
85700
84800
92000
110200
91900
126500
98200
110200
103200
120200
105300
97100
116700
106100
101900
100300
155300
114400
103900
120100
98800
104700
103900
109300
102700
101000
118100
101100
120900
102800
106900
121500
123600
119000
103200
103000
99800
142100
143500
101200
187300
98000
112400
106700
101600
96700
236800
112800
117900
121600
102300
102100
102000
104200
159700
97000
124300
189400
98500
201500
103400
121200
101500
93600
159600
120200
118200
113700
117500
121700
123100
107500
104300
145100
113700
94900
116800
90800
125400
117100
145400
220200
112700
118200
96400
426700
132600
114300
142700
117900
122400
105800
111200
116300
103900
160800
129700
168700
113000
103500
118700
120600
1762000
208900
117500
225800
120500
100500
139500
233100
102900
100600
108400
112000
113300
225400
139600
115700
115300
122200
120000
110200
193100
98000
99600
106400
127400
155800
111200
419700
112400
106900
103700
105800
147700
99100
113000
117900
96400
184200
111000
115400
100100
125500
114500
125200
95700
127200
110400
102100
108900
133000
103700
136400
125200
118600
102300
711500
110700
156700
120700
104700
94600
129900
118300
134100
124800
132000
130500
103200
162400
123300
123700
124600
125300
101200
112500
159800
156800
275100
129100
133400
107700
122800
117100
138800
117700
125500
172700
123200
142700
113200
99900
165100
100000
116600
120500
125000
135200
124300
156200
141300
123500
152700
106000
130400
103400
117300
124300
116300
107500
110700
109300
94700
104000
128600
117100
101300
106800
115100
129800
100100
104500
223600
100000
95500
130600
122000
115600
114200
117300
77800
129600
105800
83500
105400
112100
96900
100300
137300
83400
76000
100200
193100
85400
124100
150000
160300
138700
94900
123800
146900
102400
130000
92200
97300
130700
121600
114700
110000
140800
89200
78300
111600
77300
111600
148100
115200
219400
93900
110700
100000
102500
189600
116100
141600
98100
368700
251300
95800
96600
143800
131900
113200
187300
105200
109300
99600
113800
96500
90000
121300
99700
99300
147900
98700
128700
112500
116200
106200
111000
112200
111600
103500
82300
112400
109900
106200
129800
106900
107200
119500
160200
94600
100800
122800
117000
101600
100000
106500
99100
106300
122500
102800
103400
112200
103300
114500
103000
129100
97600
99300
121400
99600
139000
119000
196200
106800
107400
112900
140100
122000
122600
118300
136500
121800
124500
128200
114900
256000
101400
107700
130600
114200
108100
126800
125000
169300
101300
108900
127700
122100
392000
184500
111900
127500
137000
114800
109800
109600
147600
122400
106900
107000
123300
118800
107600
123700
142100
108700
108400
103200
96200
116300
147300
119900
145600
142800
216000
130200
152900
128900
95100
105400
112300
100300
108300
105700
132100
110300
106900
223300
106600
111100
137800
103800
106100
106700
117100
106300
96700
111600
105000
110900
121800
115500
100000
98800
127100
101100
123900
124800
114100
105300
105400
138400
105800
105900
99100
127600
106900
147100
141800
117600
115000
120800
98800
154900
94000
123500
91200
108600
142100
109700
103700
225300
118400
103100
106700
136300
95500
103600
88600
133200
117600
102800
117200
113800
107700
167300
130200
131800
108000
121400
105300
100500
104100
76800
76400
82100
129900
90700
95500
118000
120500
143300
103900
117400
99500
105500
126700
100000
138400
122500
94500
104800
111400
115500
105900
166000
110300
109400
87100
101400
118200
76300
137300
104600
88900
114200
100800
112000
108000
87200
153600
90800
88200
109900
88800
112600
117100
113800
103500
109300
111700
100300
105000
107200
114300
109100
100500
115500
126300
103200
115900
115100
107500
115600
120500
104200
102500
111200
136500
108000
143500
100700
129100
107900
98000
114700
106800
104600
124200
109600
106100
147900
110200
101300
96200
138000
104400
108400
107400
119300
129700
123300
124800
107300
111800
106500
100000
100400
104100
170000
97600
97900
127300
101200
88000
118700
124000
112600
107600
92200
105900
97600
115300
116900
85300
91200
130700
87600
147700
99200
128100
109800
107400
93300
106100
123100
119200
87400
103000
106800
107000
219700
109700
118300
114500
119700
117900
93000
99900
100700
135400
104300
101400
104600
104400
99300
118400
119500
119500
99200
117100
122000
94900
103100
2898900
101000
108200
129900
121300
114700
95600
296300
96500
107700
121800
105600
99700
100000
114300
99900
108100
111800
103500
97200
132700
152200
117700
119200
115200
110200
111100
137600
88800
111700
125100
118600
139500
105400
130000
105300
97800
106500
92700
106100
390600
129800
103200
139200
98700
127400
87700
86200
127000
134700
93400
137700
103900
93300
98200
130400
86900
108000
116700
112100
106100
157700
122600
183300
88000
109400
101200
109600
92700
116500
104000
127900
105700
95100
102300
164800
110300
109800
1467200
116600
102200
103300
136900
99800
110700
103500
111600
99300
105500
120100
105700
93300
110100
111900
126700
99900
109200
117000
99300
106700
109300
109400
178000
122500
126000
97500
127400
104300
90500
120800
115700
101700
105800
123500
104500
103800
112800
118100
106200
116000
93900
96100
112800
104600
123500
101800
123700
146500
116600
98900
95900
101000
100100
100000
108900
98700
108500
123600
135300
114600
103800
92800
99100
103600
101800
103400
107300
103600
127100
256700
116700
150200
93500
96600
152300
96300
128400
110300
140200
334600
99000
100600
101400
88700
114400
125100
98100
123000
94600
141100
99000
102000
120200
104500
103200
109400
87400
88500
98200
110400
100800
98200
105900
100500
93400
111000
137600
127300
102300
108900
107200
152400
112200
101200
101300
129800
115000
102000
102600
118200
137100
117200
105000
115500
104400
90700
149100
100800
99600
98700
157000
107600
100700
111800
100700
128300
92300
215800
121700
112300
121700
99300
99600
106300
86000
103800
88000
116100
103000
116300
113700
113300
101700
121100
103000
122400
87500
92600
130600
113600
97000
89700
108300
86100
108100
106600
108900
116400
104800
97800
106500
112400
105100
100600
137600
98000
107400
104600
103700
128700
115300
146200
212700
113200
123000
134100
97700
122500
159300
102900
120800
83300
118100
126800
111800
131100
111500
113300
120600
145400
100300
99100
133800
120700
109200
120300
110000
130400
111700
161700
183600
112300
165800
110800
100000
96700
153400
184900
106800
120200
95900
99200
102200
114200
124700
122300
128000
148100
108600
100000
102500
116400
84000
152800
87500
95000
135200
106000
120300
99600
87800
97200
101100
121900
109500
113900
101500
137900
109200
108800
128700
104000
104400
110800
212200
107700
101600
120000
100200
104600
121300
101600
109400
105200
134000
113100
97000
115400
97200
105200
103500
106500
106400
130100
106600
97100
122800
89600
112300
96700
103600
112000
113000
165500
122100
131300
112700
112600
114500
114400
158000
193800
109900
111800
106400
108400
112200
108100
120900
103600
101100
106700
112200
108800
99100
125200
107700
100300
120400
98600
104600
132900
119400
101200
102700
114500
97900
112800
105400
117800
85100
103900
126500
102700
116500
108500
119800
120800
118900
116300
102000
106300
105300
154700
107300
109500
110700
106800
100800
129100
112100
113300
109200
403200
131200
103400
128300
100300
101000
102600
116100
110800
107700
124100
100700
219000
108500
127200
154200
95200
134600
118300
112200
103700
107700
105000
121900
144100
104500
112600
120600
157000
112800
135500
130500
91100
235600
112600
105300
105500
101100
140600
112900
109800
112800
102100
115800
110500
123200
109100
107900
117200
117900
116500
137500
114900
114500
112000
113200
116000
116800
133000
102600
107200
135500
111600
135400
112600
130200
101100
124900
102400
144400
105200
114500
118200
115100
127600
107500
121700
104000
92800
120100
104100
117100
102300
96400
148100
132800
129100
115400
161400
122800
121600
114400
101300
1690100
132500
112500
117000
113100
100900
120400
116600
115000
101600
156100
100500
111600
115500
130500
105500
99700
99900
99600
107300
134500
98700
97500
269200
115000
105200
95200
132900
114200
101300
105500
114600
108100
107100
123600
105400
97800
111500
126000
98300
115300
129400
110100
110100
102800
101600
121400
98700
116300
106700
95400
134200
123800
212700
99500
124200
100800
100100
117800
101000
127700
111000
118400
111300
109900
120500
109400
110100
122200
123500
106100
107800
118700
100900
106300
123100
114000
117700
91700
115000
89600
115000
109700
101400
117700
116100
89800
101700
83200
122400
85800
96800
86800
99700
96400
107000
97600
100700
101100
101800
106500
91100
101700
95500
102000
101500
99900
89300
120400
141700
168700
98300
94400
112900
98300
117000
93300
121400
91800
95800
106300
97100
77100
75500
143200
84700
98000
115500
99800
102000
106600
1263800
98700
181800
105400
99800
100500
128600
91300
102600
104000
117100
112000
104500
117400
100200
85100
101400
110900
85800
78900
128700
84100
120800
156000
88700
100100
104100
175700
100900
86700
98000
177400
97000
87500
113000
172400
115000
104700
149900
96100
106200
112400
100500
103700
118300
101500
113900
114300
108300
99000
101900
109500
101500
85000
109700
110900
107300
132100
107800
93100
110800
134100
107000
109500
112700
117400
110300
107400
192800
107400
75200
110800
87100
71100
118200
141900
100200
137200
94000
144600
98400
121400
108200
100100
100500
130400
99500
133700
71400
114900
72400
72300
114600
114500
71100
69700
195800
101500
89400
118900
126100
121500
96500
129800
121900
115100
108300
108500
96600
105700
105100
112700
84200
95300
101500
105600
103500
93500
91700
79300
99800
75400
118300
119400
70200
82100
72600
81400
90700
104100
126300
102700
110500
92100
89300
76900
255900
144600
100000
119300
98800
109500
105100
100000
130300
87900
112800
93100
85000
109600
89500
113400
121000
99800
116900
108800
71000
70500
80100
76000
75500
105100
103500
98000
72700
140400
96800
84600
115900
117500
94000
97800
85100
80700
69900
129100
102000
97800
130200
110000
107600
103200
108600
111300
110200
151600
104300
116500
121400
124500
103300
120800
120600
430200
99100
102000
112200
142000
150800
136300
127600
108300
109900
100800
126000
101300
111400
102800
95400
110300
110500
113500
114500
123300
128100
150900
95800
122600
88100
70800
86100
99500
95600
95800
95900
98800
340000
253300
92000
97300
118600
71100
68500
138000
75300
110800
113200
110000
100200
113200
84300
85300
117100
100700
79900
81700
120400
127100
118200
114300
119100
121500
119600
138400
133500
89800
96100
105500
100100
83000
95800
198100
153000
88400
104200
102600
114800
115200
141200
110800
102200
108500
99100
99000
144900
193400
99200
102300
109100
109900
170300
119600
81800
100600
84400
371700
161200
93300
113700
103000
118800
95400
237400
115700
174700
132800
104300
111000
101400
107400
69000
77500
115700
121000
99500
128300
112100
109700
95100
164500
282000
109900
106600
113800
99600
165100
161000
105100
95300
108500
87900
123600
80100
92000
100900
105600
112800
96800
84600
161200
89300
76300
113900
110700
153300
96600
115800
219800
99100
96700
107700
120800
132400
164700
124300
117500
69500
111000
116900
70700
104800
104800
77200
82600
80300
116200
73400
93900
98400
85700
96800
105500
150000
87400
129400
93700
101300
141700
139900
147700
95900
213600
96100
98300
89400
94200
96500
118200
89900
107100
95900
109100
121900
103500
103600
3007000
97900
113300
154600
112000
104900
151100
115100
97300
88400
75900
90300
97100
82800
79100
97700
110200
84900
69800
91100
137800
77600
95100
91900
239600
231400
133200
114600
166800
154000
170700
135200
100700
99500
105100
71000
116300
121500
116300
105100
99200
100300
158600
104400
78300
29168300
2187600
2128300
2426400
2313700
1479200
2102000
5693900
1078300
1761800
757700
989900
2229700
1187900
1368800
955100
919100
1276000
1235600
1056900
6053900
1167700
1502500
1240000
1518100
2059500
1377900
1336400
810600
949500
832100
1186600
1131000
6630700
1165800
695400
1226800
1037600
1219000
3218100
862300
631500
712100
670600
715700
1130400
790300
2448400
1147900
654700
617400
604600
598100
808800
857100
2764700
980500
759200
965800
1205500
1013200
727800
730500
1274900
2599600
628000
460700
662100
603200
542600
2710700
612900
534700
619000
714200
602100
902200
668700
979200
822000
1198500
734900
1077700
816100
709400
768300
1058300
2965000
538400
552400
448200
419500
641900
571300
564000
801500
576800
660800
617700
688600
567100
577900
711000
701400
610600
1028100
556300
719000
552700
621400
561700
608700
3052300
512000
2675600
585100
655300
658200
649500
635800
525200
551600
516800
471700
669000
726500
544900
537800
606400
899300
1040900
712200
538900
774500
835000
936700
612500
495200
632500
584400
638800
500300
723300
516000
606400
638700
507200
535700
489100
693300
1058100
711000
789400
705400
652000
772100
1025800
778700
661900
743900
608000
661600
615700
643600
2188900
583900
647600
657000
1149800
729200
1089500
821600
654800
834100
1221200
713400
782100
1154800
660800
742900
842800
1255800
1058400
745500
698500
710300
690900
625700
721200
634000
796300
2334000
837800
695400
819800
927700
871100
929600
689400
802900
763300
1177300
890400
833000
1008900
705500
736200
976100
758200
866000
1164900
641100
700500
1045400
738600
678500
1151800
637200
827500
786500
658700
912200
987500
634600
1438600
737500
894800
620800
744700
651100
701100
816100
719600
835000
800100
753100
821900
657200
892200
810200
918400
873200
1232100
762400
700800
1056900
724300
788800
734200
648400
710500
613600
676300
857000
796200
693400
671400
1191800
647000
893200
724100
735600
1154700
761300
1001500
710800
662500
808700
638900
654300
644500
656300
820800
764100
855100
788300
734200
886500
662600
661900
657600
717700
633800
633800
645800
645500
577400
1748000
654400
1021800
831200
276400
281900
242600
312000
283500
255300
259300
288500
242500
237700
299100
266200
255900
262900
257700
262300
269700
264700
265700
252100
264400
241000
290100
293300
256800
239200
291900
278300
337700
256600
275200
638500
267600
245800
265000
241500
268400
290500
239900
247800
254100
262100
276700
255800
333300
310300
257800
304600
279900
283700
188700
271700
248200
385200
280400
263500
275200
225900
250700
262000
243200
261300
273600
232900
240000
271700
271700
268900
252400
270300
251500
582700
258500
249400
285300
356900
273700
265200
263700
248600
334500
252600
254500
280400
276100
278700
256200
312200
261600
268200
291400
310700
286800
249100
251400
262000
265600
266400
241900
266600
383600
258900
244900
244800
235500
266600
276000
306500
270100
240600
280800
268700
240000
296600
240800
244400
246200
232800
251400
255000
269900
240900
196400
252100
254700
243800
187000
241700
236300
297100
268700
262300
859400
274700
254400
260700
249800
242400
274400
249300
263500
184200
249400
265000
255700
258700
243300
275300
328800
309300
462200
261000
263200
284300
292700
256300
252600
305000
273900
259600
239700
257200
271600
234900
248500
215700
265900
208900
273000
253400
243100
269800
274300
274000
473100
266000
226100
259800
242900
268500
238900
244800
257400
284400
336000
276600
232200
246000
255500
240400
196100
243800
259000
259700
271200
303300
261500
262500
233400
271900
229200
259500
286000
271000
236300
246200
263500
253900
248600
267200
246900
398900
269500
248100
253600
261400
282300
343900
247700
343200
293000
264200
240500
276300
284500
257900
277400
278600
273100
176700
279100
442800
381900
339200
291400
249000
242500
280700
264200
318600
249200
327300
247700
286700
250300
258200
295900
251100
256900
253100
309300
250900
286400
242100
333600
277200
238000
307800
245900
266600
298400
262200
258900
250500
353400
284700
250100
238500
255600
268300
251600
349300
259600
250100
306200
253900
263100
265000
307900
270800
1071000
455000
313900
273200
318600
259600
303800
259100
273300
253700
234800
410400
250100
249100
256400
271100
269700
262400
294500
332600
480200
279700
260300
264500
262500
310100
255600
360200
262600
2283500
97000
176900
146900
118800
121200
130000
138800
127600
103800
140300
118600
113300
105400
176700
97800
129800
174400
129600
145900
114500
121500
124400
129000
131800
142000
136200
123800
167300
117600
145200
104800
189800
111400
157900
119100
114400
114300
121800
128600
165400
106300
111800
106100
111900
161800
113000
106000
124200
102600
87800
120000
148100
122300
152100
140700
95500
98600
106700
91600
136400
142100
138700
121600
112200
139600
218700
265100
261700
150300
96000
132500
127400
137100
115500
166300
97400
156400
117700
133400
231100
92600
132500
169900
121400
126500
93500
108500
120500
115800
112200
101300
101700
106800
107400
107700
132200
110200
85100
112400
91100
151800
119700
136300
106600
103800
107400
114400
98200
108700
132300
96100
110200
106700
138700
124900
136900
130500
99100
131700
108200
157100
114200
108000
129500
132300
116800
116900
195200
115200
144800
127000
113100
113400
129200
126900
118300
135300
118500
121600
121300
127600
92100
107600
128600
98800
99100
95400
71200
121900
117900
134000
120300
99400
99000
130300
109900
122400
136800
107100
90000
130400
120200
88700
102400
156200
124300
157300
129200
103800
157000
88700
120100
93800
103900
105100
93900
107200
109100
123700
119700
97800
103500
113800
116500
105400
154500
98400
97100
101300
87400
102700
112900
104600
94500
106700
114400
106100
102200
125700
123800
146600
108200
115600
107000
116100
130600
110400
110000
125500
115500
181600
109600
123300
109600
110900
107700
127500
124300
126400
135900
144900
168700
113400
117000
93700
125800
121100
102000
109700
114900
93300
109000
114100
208900
114400
113700
114200
113400
111800
111000
121300
106200
104700
118100
107200
140400
98000
111200
2465800
99200
180400
110800
95100
110700
119000
120800
90700
76800
95400
103300
126700
119200
117400
113800
120100
134900
120800
116700
120800
111300
99300
121600
115800
118700
129800
100700
114300
127200
124800
111100
109400
151200
114200
100300
106400
121600
114700
121300
131500
125000
121600
127000
193400
89100
139600
95800
108100
111100
85300
116500
138600
111300
113200
102400
118800
99500
104500
100000
139500
122500
92100
98300
187700
116200
108800
119900
127000
111500
109800
128900
119800
105100
128100
115100
146200
167600
126900
116900
115800
117100
126000
119000
97800
104700
144400
170500
151800
101300
119200
122900
121000
119400
112600
111500
106100
116900
152800
140500
116500
121600
138200
108500
116700
105000
139400
116500
122200
121100
148400
96200
125700
116200
94400
145200
91400
100400
88300
91600
104900
106300
118500
131200
128900
116400
208000
117500
109400
131900
102500
81700
114800
124200
85200
110100
90400
78300
99000
113100
120700
105400
100500
125900
121000
113500
198100
127200
117500
187100
116000
159500
109400
103900
107100
118800
120500
123000
115600
108100
129600
134200
107600
114000
140600
131900
94200
115500
148200
120800
125800
163500
101000
112100
132900
120300
106600
143300
109600
112900
112100
125900
104300
101900
119800
112800
117900
117900
133600
116100
104500
105000
111500
117800
94400
146700
123400
102800
166700
121000
144900
140200
112400
113000
95800
129900
134400
99600
116200
81300
101500
82000
118700
127200
128700
94600
333800
102500
98800
109800
91500
105300
151200
133700
92600
192800
103000
99900
98400
130000
133500
114600
153000
83000
103800
258100
161500
120200
94100
118900
101600
158800
154500
135700
111600
109700
117800
100500
99900
106600
118400
96800
88200
115800
100500
99200
109900
100500
87300
106500
113700
143600
102800
2166400
240600
119700
135500
121200
117000
136200
135100
121300
120200
115500
94200
90100
94600
130600
140100
116900
85100
129800
111100
114400
92300
108500
116000
117400
97300
98600
119100
90100
96600
122700
131700
121900
117900
99100
140100
109100
162600
133000
113400
126600
120300
101300
99000
87300
89400
136400
100500
83500
95700
113900
91400
103600
112800
94800
126500
167700
93900
94000
124700
105300
102100
99800
114300
96100
118200
89900
98400
105600
126300
112100
113100
110900
108500
102200
121800
144100
143700
142700
111700
281400
152500
119200
131800
93700
92400
445600
109200
94100
112300
112400
96700
104200
106600
100000
100400
87400
114500
95700
105700
104000
84400
124400
116400
125400
116100
94200
144200
92300
138200
142800
97600
104700
107900
124300
105800
121500
130600
119900
117100
111700
118500
104000
103300
132600
107900
100100
108900
114000
120000
124600
148500
106000
170000
143300
121300
314900
103700
129200
137800
154200
116700
149400
141400
104100
119300
99000
143900
128100
133600
130000
100300
118100
96400
123400
119800
109100
99500
102900
117400
109300
110200
124800
213300
94500
129100
123700
130700
86900
127400
116500
114800
136000
121900
117100
121600
115000
107900
122000
129900
99800
129300
108700
103900
117500
111400
122300
96100
119700
92100
98700
101100
280600
122400
96400
96700
103900
155300
108200
94700
124100
117600
124400
115900
109300
147900
99300
124900
120100
96300
102700
116800
104600
108300
686700
118200
96300
119500
105400
118700
138500
110600
97000
99200
129600
112100
117000
131200
241300
137800
147100
148800
121600
103400
114200
114800
114300
128300
124500
175500
2202600
170400
104400
127800
111000
119400
105800
141700
132800
112800
98200
127800
177500
106600
117100
117500
95600
113200
127300
122500
146600
196000
147900
116600
96300
103900
127000
99800
95800
128600
105400
112700
114100
121600
114500
231300
142000
123000
1940100
142400
110100
166300
349100
105600
116000
111000
116800
121100
111500
117000
97300
153000
131900
120900
111100
114900
133500
111600
134300
96700
117800
118100
120600
218600
104100
117600
103900
126300
140600
138200
119000
117600
108200
127400
175000
96300
106000
125700
218300
104900
121200
179400
116400
109200
128400
97500
184000
106400
106700
93700
99000
122500
134900
118200
147900
108300
97300
135000
127800
92800
204900
266400
110800
198700
131100
101300
103200
100200
128300
117900
97800
114400
92200
122700
137400
135900
95600
98000
656600
125400
142100
98400
132100
112600
117200
120600
113000
120700
111100
112600
114100
97400
113200
100500
103300
106300
121300
108400
104100
134800
138700
149000
101800
95000
117700
97600
148600
139400
95800
231600
97200
115700
93100
96800
99300
105500
133300
135900
98200
110600
111700
102000
119400
710300
138700
134600
202800
92000
138800
129900
156300
129100
97600
118400
108000
106000
109900
173500
101400
98100
116200
129900
102000
126700
100500
393000
119400
576500
121500
96900
104300
96700
123800
126700
117800
113000
101500
190500
102700
115000
101300
121200
127000
126600
122300
132300
95900
119200
142900
122100
110300
185600
145100
97200
160200
99800
82100
98600
108600
83300
102700
117200
136700
122500
130100
133500
90700
93100
139600
128700
458900
159300
146600
120300
123600
162500
128600
116900
113200
95900
99200
101600
125200
148300
106100
130200
100300
117400
120200
154300
100100
102800
140200
102600
118000
218200
185200
103000
126500
175100
99000
136600
164600
152600
131800
132600
114700
109900
95000
162600
117300
104600
118900
126400
119300
205100
3715100
96700
105900
101800
112300
119900
126800
132400
98500
104400
103500
125800
124800
102500
118400
108600
113200
99800
123100
119000
114300
187700
118400
138200
106500
122400
98500
99100
167300
183900
100500
194400
107100
94600
132400
139600
120200
110100
121300
113500
170500
115700
136300
112800
103200
123000
154700
123700
133100
123800
127800
152400
92600
86300
101500
118800
97300
97500
94000
124300
120600
111000
117500
98300
105100
101300
144500
114600
101100
385500
157900
119900
95600
109900
107100
125300
143200
120700
100000
99300
122100
93000
107000
122200
104600
111100
109300
136300
100900
111800
110800
158200
120200
114000
97800
111200
124500
166500
117000
114100
123200
105000
120200
146600
164300
127700
125300
125300
145800
107700
130800
106900
159800
197200
163200
117100
95100
115100
126800
154900
91000
108800
128500
119400
125400
98100
94300
96800
118400
125200
100900
117900
94700
103500
110300
133400
123100
109400
175900
114100
101200
136000
200600
106100
100200
128300
104700
96500
110900
102900
94600
103800
128300
112500
128400
182700
103200
95400
95400
113500
136700
108600
134200
116800
505700
135400
120900
108300
107600
135000
121400
121200
133700
112200
99900
112400
127600
140600
98500
145200
141900
321400
115800
149400
117600
142200
135100
256400
97600
135700
124300
120800
106600
150900
116800
114800
114100
122100
115700
90900
127000
103300
106000
137100
197000
106200
152200
127800
169700
97000
119500
153900
92000
101500
137300
173200
117100
125400
116900
105600
119300
87600
91400
107700
87000
73100
111700
262600
355600
108800
95500
103400
121200
138500
241500
111100
120900
192900
105100
114500
150400
99600
127300
182900
110700
114800
107700
109400
94100
80900
112600
525300
92500
328500
135600
158300
114700
100100
108700
139000
94000
102400
132900
119800
125200
377800
111700
113100
112100
124900
113600
101000
121300
119900
121500
156600
162100
167500
98800
107200
107000
115000
130300
112400
113500
118000
126400
126500
103200
117400
101200
102800
103000
89300
96700
96600
127800
96700
122100
183200
108200
116700
107400
109900
108500
83900
111800
233700
262500
134800
133300
122100
124000
99200
113800
201100
118200
157100
104500
137700
99300
94400
111900
116500
135000
115500
115500
110600
117900
101800
119200
3311900
98900
145700
175500
116700
182900
196100
101800
176200
87000
90500
90500
135300
145600
106200
94600
84200
92500
79800
72700
112100
691300
153200
120300
133200
118600
118200
130100
121000
118800
138100
118800
110300
108600
261200
111400
103500
104500
111000
115800
117300
50054000
4041900
8415900
1969400
1210200
11737600
2007900
1308600
3449100
1227300
1251100
1180800
1965200
989000
1133900
1105600
1220300
3996500
1562900
862300
1628500
1017900
1344400
907000
923300
879300
962500
834100
1323800
932000
934600
476500
895500
2604500
667600
568400
1039700
814200
821900
613200
1308200
861900
710400
729000
342200
508100
775400
548300
529900
1543200
620200
568900
704800
774300
535000
580600
536600
726200
851700
631500
564500
532100
845300
838800
706900
724500
486700
530200
559800
459700
487100
536100
405200
608000
634600
688500
719500
697200
445900
710300
733200
455500
660900
757400
693200
504300
687300
2024200
426700
486000
487900
531100
535900
554500
520000
546100
324300
335400
473600
719800
603500
692600
372400
330400
317200
719700
324300
555600
539800
619500
547700
569200
547900
562800
336500
570500
523700
542900
519200
568800
525300
501400
556300
523000
543500
522500
509800
524800
523700
656800
474200
553800
730700
763300
676100
496400
577200
374700
495300
579000
617400
474600
532900
447000
515100
537700
464400
502000
512100
543800
730600
762000
1005200
1089800
626500
748500
767400
702900
666300
651400
684400
654600
718600
832700
799300
832500
854800
447000
494100
529900
714300
718100
648600
551600
438800
461000
664400
660300
674000
558200
683200
494500
653400
699600
676600
501700
577400
701400
606300
464800
474500
711700
786200
667500
667600
594400
654600
691500
649600
684300
1208900
775900
745900
791500
683400
890000
852200
1247600
1447100
1075100
889000
941600
1384000
1157400
1036600
965100
1358700
1992400
1171200
1175000
1026200
4103300
1435000
2076600
1031500
1101800
1025400
1046600
1050600
1008000
731400
1669000
1377700
1003800
1286400
1521900
1201400
1686800
1126000
1101000
1162100
1511900
1036000
2937100
864800
960600
1640600
1211100
1796000
1688400
1723300
938700
828500
905300
1403300
1211600
1361100
1495000
977300
941900
1594400
828800
749600
1489500
685800
1327300
887200
696800
1017200
703000
969900
1165500
1313900
824800
1051900
914600
1106700
275600
296800
294800
342000
260600
296800
291900
205100
263200
292400
261400
248400
259900
367600
252700
362500
332900
322700
314200
369700
306200
247000
286200
385800
269800
213100
211800
287400
258900
219500
250600
287700
261800
259700
286700
270400
274000
273200
253900
249000
260300
266400
524000
279200
257100
265300
304800
257300
264800
278200
254900
303300
232500
262400
246400
214400
271600
284900
189200
298400
196300
272400
277300
251200
527100
265700
288500
317000
204100
244400
201100
292600
202500
269900
267300
258000
202100
243500
281100
280300
196200
219500
239700
209100
253500
275800
199300
317500
223100
265500
200600
275300
276400
219600
280600
257500
223100
259400
217700
231400
205500
259700
201300
327600
271800
381400
329600
323500
262800
276300
281700
265500
260100
215500
273000
287600
265300
276400
272400
321200
261400
264800
277100
268500
243900
260200
265800
254600
272500
263600
293000
273900
266500
262500
253500
262300
211600
223000
237200
239700
202500
199900
299200
228300
268800
200100
211200
200500
246600
282400
312100
275900
242600
295100
272900
256900
246500
210700
291400
240200
261800
230200
267400
249100
246800
244300
234300
260600
304100
195000
253900
296800
299500
290000
185800
218600
259000
263600
276900
247000
199200
274500
246700
264300
263100
316700
203700
267100
278600
224900
284000
320900
262800
193800
584000
226200
224600
300100
330700
328700
252800
198100
302500
276000
271000
279200
285000
258800
289400
261600
202600
276000
223300
228600
271500
341800
268200
268100
314900
323100
210600
252200
272300
289000
258200
294100
264900
215700
353200
255100
278300
294000
324900
273100
279300
289800
202500
281400
290100
299400
290500
207400
207900
268400
284800
218300
279100
272200
314600
204600
267600
278400
244900
237600
211500
209200
197200
183700
266800
255900
328700
358000
259400
265400
270100
202200
336100
265900
285400
272900
266900
211300
275500
288500
254400
281900
235400
261000
262100
285200
319300
270200
237400
253700
260500
204900
264900
263800
192500
269400
304300
216900
200500
475200
260800
283300
290000
269600
242800
284700
190800
208000
299400
281200
267300
275600
303000
251300
338300
294300
363400
269500
376900
203900
255300
274900
332400
269700
189000
288900
214100
271700
235800
1738500
94800
96300
144800
103300
122300
91600
183300
116700
92700
161400
98800
99400
110100
122300
105000
109700
106500
85700
99200
86500
109700
116000
245700
122000
114900
112700
137400
82000
102900
121500
127300
215300
115600
112800
129200
110200
265600
110100
119800
110800
131700
114100
139200
111800
125300
116400
108100
213600
146400
108700
141100
178500
99000
124000
108100
116100
111100
124800
116800
193600
157100
149800
292200
303000
273700
105100
102500
126200
117100
135200
146900
114600
110500
101700
128000
107300
120500
139800
119700
123000
116600
116700
113400
95900
98800
137600
153700
114800
125600
156400
100400
113700
155800
110500
114200
182300
127400
113400
472600
135900
108400
110000
103600
110000
110500
122200
125900
197500
110600
169300
135200
120400
135100
108500
113200
112200
105300
91800
106400
112300
92600
89700
97800
107500
94400
91000
112700
100700
94800
71500
112800
71300
93600
102300
79000
187300
71300
71800
69400
69200
166100
79000
68700
84800
77200
72800
72300
83300
82300
80600
131700
95900
109700
93800
114300
84300
103400
116700
101100
108300
112000
119200
99400
129200
85900
78300
90500
125500
105200
102800
107300
213100
262700
266800
198300
136100
93900
149100
91100
130700
98700
120500
116500
113100
86600
119600
78600
99100
113400
104500
101200
101900
122800
87400
165900
117500
105900
117600
127300
118100
125200
136300
123600
98700
105500
105800
104000
109100
112200
115200
102600
118300
94800
93500
116200
106700
102000
82400
139200
132000
83300
104800
99900
91500
101600
115800
127900
84300
112400
205600
105100
97100
200700
163400
101200
99600
182600
119300
108500
103300
119500
110000
111600
120100
112100
102900
112000
105900
127000
104700
130600
106800
107200
114500
98800
110300
104900
116800
92600
108800
96500
97500
115800
110700
102100
131800
117300
212400
102000
108500
112500
132200
108900
107000
115300
103500
102800
102300
149400
75800
96500
111500
96900
96100
112800
102700
97200
103700
87900
126200
97000
88200
105300
101700
112200
113300
91800
87100
157500
113000
259600
98700
110700
69500
110700
138300
88000
108600
70600
87000
102300
75500
120400
129000
83700
106200
111100
80700
93500
121000
83700
69900
235400
79800
99900
103900
126700
82500
86400
128900
104200
121100
81800
81300
107500
106500
115700
99000
112600
93400
106700
108300
83900
117700
106100
110800
118600
85200
124300
106200
125600
120100
106500
108000
103000
76900
71500
88400
119700
81300
86600
69500
71400
84200
91400
81400
99400
111500
83800
74000
104300
124600
139400
120300
154800
120800
67900
74500
85800
66000
84100
77300
64800
93400
71800
117900
66700
102500
129800
116500
72200
89800
112800
126100
85100
76800
124700
106900
174300
115200
129000
122400
61000
80900
82100
115000
76000
88500
85500
96700
81200
79400
82000
117900
69400
83900
121100
95900
71300
93300
104200
72700
91500
68400
75600
86600
99400
120100
116700
84000
75000
122800
127300
118400
81700
102800
153000
71400
123900
112000
109600
99500
101000
121300
101000
106200
109200
98900
69100
111500
102000
72900
102700
113300
77300
98000
144400
127700
109600
88400
107900
113000
87500
105500
106700
114800
101100
101700
89800
80500
116200
108500
105500
105100
109500
100000
103500
109900
100900
105000
115400
90700
96900
100100
136400
119300
104300
107500
93400
132600
105500
141900
101900
108500
147700
113500
112300
98900
125500
101500
111000
97500
108000
100900
109400
117900
116500
92700
111600
134600
116100
1907100
102900
130900
118500
125400
112900
105800
96200
119100
96200
102300
123600
112800
102500
127600
99600
97900
88400
104100
88000
109800
128400
107200
104100
127600
88500
118700
87300
144200
88600
97400
92600
97200
105900
82600
118100
120200
79100
77900
88300
121100
86200
112200
109400
127700
129500
102600
105300
100500
112500
110900
101300
179000
110400
102100
130700
100200
95300
95200
137000
133200
108400
93900
108600
133200
103600
115300
108800
110700
121500
118700
107900
88700
117400
99800
108500
122700
140300
112900
119400
104900
73800
101300
113200
124000
98700
128300
125500
108900
84800
120400
107700
107700
126600
101500
130200
111000
134300
118900
97000
142600
175400
99200
108100
194900
97500
145400
104000
102000
96700
116800
94400
84800
103700
102500
102500
92600
140300
100100
98200
89500
149600
146000
121600
177600
101700
99200
106300
120100
134000
128200
240000
118300
146300
125600
116200
110600
132400
115400
92500
85200
91500
107600
115800
107900
161700
199800
90100
111800
185400
144700
131200
119100
98800
105800
189100
87400
122800
99900
122400
124100
181800
134700
113500
108800
95400
103700
95000
173900
246100
118900
118900
119900
130500
91200
92800
174900
105100
110400
152100
105300
98000
118300
136500
134200
137100
181900
92500
117700
101300
117400
120500
103200
91300
98300
106700
106900
97800
103400
140100
149400
119700
102200
117800
101500
105800
112000
129800
128300
258500
177900
100700
124400
110100
108800
105600
107700
116000
120400
87000
183800
113500
122700
95900
105900
105800
96300
130500
108300
88900
105000
104400
127600
108000
97900
107600
120800
118200
116100
110700
90200
122600
108800
100300
126600
93000
109300
88000
126600
108500
95300
96000
98300
103600
103500
118500
119100
101300
173300
118700
70000
70000
133400
85400
208200
109100
156700
114000
109700
121300
107500
114500
103000
116500
97700
89900
151100
126500
85400
90200
74000
116500
114100
91900
82400
131700
141800
111300
154800
127700
108200
105100
107900
92900
128600
118300
129100
113500
114200
102100
122000
105700
114000
119100
117800
102200
104800
102100
119000
147300
107900
101800
105800
119400
109500
96600
96600
129000
78100
110700
114800
102400
99300
103000
115200
101200
102200
100200
76200
100500
100300
112500
77500
69800
75800
69400
106300
136600
187000
71800
80800
74600
67100
109200
117900
102800
72300
73400
109900
88600
100900
131500
111400
94800
81000
145100
108100
126000
115900
94300
71000
135200
115900
110800
103500
145300
105700
102200
98100
122000
72300
95200
101000
75900
92600
113800
104500
104500
100400
94900
76400
74800
77000
115400
106300
111500
129200
107200
101100
160500
103900
107600
100900
127000
107900
109400
114400
136000
102400
121600
163100
116300
106400
112800
91700
83900
102100
107800
176700
165500
162000
125700
138000
117900
125200
99500
102000
90200
101000
116800
123600
107800
111400
122300
91600
101500
130100
123700
97300
93800
102300
103200
73700
97800
165700
101800
153000
78200
99000
84300
72300
123700
87800
110200
114800
105400
78300
69800
81800
117200
86900
75000
128100
98400
85500
96100
105000
100200
112100
89900
103900
113500
101200
143100
89900
89200
111300
84400
103700
97700
105500
118000
119300
110800
110200
121900
185200
97700
121200
137100
107400
108900
120300
86600
113800
132000
118800
85300
126300
94400
71500
70100
86800
78600
85200
101100
96600
110000
118800
92800
87400
89000
109600
106200
107300
113700
151000
107400
116400
104100
87000
85000
104900
154100
112900
98700
1944000
113200
99100
106900
115600
106000
123600
131200
104400
107300
105400
111300
105700
118200
97700
107900
115000
113400
108000
109600
382800
108500
94100
113100
108800
137800
129700
111400
141700
99400
106900
113000
103700
97300
130800
133500
99900
106000
111200
103700
102500
115300
125100
99500
109600
87500
97700
116300
110900
109900
138000
106800
110900
98500
102100
124200
91500
114600
109700
106600
103600
107400
118300
106600
106300
113800
108200
97800
90200
87200
74200
111300
89100
86900
1308500
102600
109600
166100
116800
517500
140700
189700
92200
122000
99900
104900
111400
104100
116100
120500
128300
102800
158700
140700
97000
95400
104200
133500
105600
107400
129000
111400
104200
113600
109200
96000
84700
111700
104900
110700
118500
107500
71000
87300
110400
106500
99700
119400
101600
112300
89000
121200
75500
95400
113100
144600
72100
75200
74900
104800
93500
97300
104900
110800
145000
105600
117600
127900
142700
99700
116200
105600
99100
201100
125200
114100
104900
185500
105000
137200
119600
92900
90900
117000
126700
129500
91400
104600
108400
106800
113100
85500
135100
101500
109700
83800
99200
115700
72600
79400
94000
86300
111800
101900
70000
104000
118300
87000
82100
112200
143800
142700
94700
110000
90700
101100
101500
124000
79700
115000
125500
117000
114800
123500
77300
132200
78100
100300
96800
120600
113000
128600
91900
119900
88600
78700
74700
85800
127900
86900
85400
77000
105000
99200
126200
102800
85800
113700
105700
135800
99800
122200
104300
111600
104000
100000
117200
124300
100500
101200
82700
108100
72100
99900
114100
106400
86000
96900
114700
90100
103100
128200
98400
116100
89800
112100
159400
111600
118900
92500
157200
125500
83900
103400
158500
118400
88100
102300
172500
99800
116700
111400
105400
101900
88100
90500
109000
87400
108600
139300
120800
120400
139000
97600
130100
101100
118000
108500
103300
103700
112200
99200
112600
109700
95600
110000
129100
104000
133900
119400
92400
105600
105200
123800
105700
87500
118100
100200
98500
97600
103600
119900
98800
121000
87900
132400
105600
110600
119000
94600
120400
149900
104900
115100
90500
108300
88300
89800
106800
99900
108700
98000
100800
117900
104700
175000
97100
112200
87400
98900
101600
114400
124500
112400
90300
111200
96800
90500
105500
88500
90600
102900
88000
85300
99400
99600
93800
107000
86800
108200
116500
130200
91800
94500
107400
86700
96900
108900
128000
113600
106500
106200
112500
108700
102000
114400
97100
111300
104400
100000
104900
127200
