107300
119299
118899
136600
174301
121800
117701
117200
122900
121400
117100
117700
137200
130300
125400
239800
154600
155601
139699
163900
199500
163601
171501
181200
167000
164801
173399
161799
178400
145800
173000
177799
196000
177400
188699
163499
176999
165100
242700
162100
159399
168100
183100
188100
154300
178000
5542099
257900
183800
158600
143900
154499
174800
137900
221000
172601
280200
184000
250100
170600
163100
176001
193601
180100
156700
337400
164601
167700
172400
174701
188901
191400
184900
156200
175301
175600
169700
180500
189601
166800
157199
195800
175900
193400
162100
167300
174300
176200
7190699
239800
164499
155900
198800
179400
189801
140200
191200
173899
132101
159001
128501
152300
169200
220300
153800
236100
139100
161301
167700
163800
161599
201000
207801
162199
158799
127801
176400
166300
158799
201400
241100
189099
169399
154501
175501
183400
169200
199800
162200
156599
128100
142200
165500
188201
123800
121300
131399
126899
143700
188801
198700
207400
142700
141800
151500
146301
186200
164700
135200
131201
140499
157000
149801
132699
131900
2452400
168700
163899
144500
191801
196600
149500
133400
124200
200701
181899
177200
123800
124500
122700
209901
120800
125301
121600
119800
164699
124801
136800
138900
141400
151201
131400
128601
186199
120100
136400
134499
169200
156300
208201
227900
155600
192400
124700
122400
164401
150699
193499
195300
119801
135500
122000
181700
126700
126800
181800
142700
158401
169400
125000
179399
147499
169500
121900
134800
131101
194700
191101
197400
133800
122200
168999
207399
191400
162400
191499
137900
187500
226101
197100
220600
162700
176100
177300
186401
187701
172500
188800
183900
200700
183900
147600
188199
158801
197800
168100
212900
189700
224299
229200
160999
122800
201300
186000
192499
190401
149500
191300
124900
138600
194399
168700
151700
148899
201001
183800
168600
152000
160201
218200
145600
202499
188001
196600
131499
120400
112800
156600
140000
160300
124599
122200
191901
147199
195500
167000
195701
185800
234200
164400
181200
182300
157301
169500
192400
153500
199000
205600
211400
120200
147901
193800
196400
218599
128999
157001
195000
125700
154300
170001
176101
157399
160999
218899
193300
187499
192100
246100
206901
180699
185700
133301
193800
166900
166800
131401
220699
146400
157101
197000
149999
138800
153800
151400
148099
196400
166299
134099
137700
216100
154200
187000
184599
158800
153600
153801
148899
162100
179201
163099
157501
149300
154800
127699
190800
174200
152400
176601
124500
119100
153600
182201
172501
129001
185099
140699
127400
212600
122500
157999
153400
122300
129999
154000
183199
300700
140700
152600
194100
205801
186000
154400
192600
147300
122400
124200
191300
178600
135399
118101
121800
156699
128000
122700
149099
190000
132899
116201
140900
199700
127900
195199
119300
124301
124400
189799
161500
142701
196900
124099
121300
130101
143599
223699
123800
122600
168000
203601
126400
155400
143200
153400
162700
198000
147800
157401
166500
154800
156799
193300
149600
214100
187700
172999
160301
189399
3941600
169601
178099
205600
124500
169600
143000
195499
192599
199600
200100
202099
196001
200200
200199
203900
193900
171800
189700
216600
140200
115499
119700
121200
207100
203901
172000
198400
176700
188501
215000
193200
195599
197500
156100
119400
197101
195301
151400
186901
178300
190500
194299
193500
198399
149599
170801
159800
123400
209400
120600
129001
149199
118800
200000
143100
128501
183500
200100
208600
197700
158300
174701
174200
178500
175800
187201
149399
269901
245500
189299
139499
146999
157800
199500
154401
148000
155600
153700
122600
151400
152300
123200
136800
196100
123000
191300
188101
206900
139000
122100
197300
166600
132400
129400
113700
122400
128900
134199
200800
199400
124000
152900
125699
233801
130700
128199
123200
138400
118899
194201
204801
203500
129901
121900
120100
117100
120301
200400
123100
122300
125100
195801
128799
121600
208500
130899
140200
199500
202800
185499
148400
127601
188400
220200
199900
121500
168800
152200
185699
206600
115099
133200
210900
140000
138000
193401
137200
122700
122000
147999
197501
205300
233700
201201
119200
120000
134800
120000
203701
200700
137600
208800
198000
148899
277500
201900
170000
165700
202699
181700
202699
210100
213400
118601
121600
202999
208599
206700
207900
247300
159801
203399
141500
125801
196300
130100
122600
138400
124099
194299
201200
121300
134999
166301
163200
136000
205601
198300
199200
121900
127799
201400
153199
146501
186801
171801
156201
183600
164300
152800
175999
136000
161201
173600
188000
174299
149399
178600
158700
173601
221900
138600
166000
165700
156201
176499
165900
132400
144699
155099
164101
138700
161600
178800
228200
195100
177100
179600
176400
178900
184300
178300
138400
135500
132101
241800
138900
127499
130301
168800
158899
169500
160700
202301
168900
192799
158500
183800
151901
188200
189199
160399
186500
181599
187599
146800
131500
137999
170200
195100
140400
137100
138500
139100
147201
132200
130599
127700
131800
174200
173499
163700
2631300
179000
187601
181300
150200
197300
162400
166600
130500
124400
164200
172901
151900
164700
161500
159700
241300
239299
168500
189799
190399
183800
301900
176800
162100
145400
170000
164201
268099
161699
160300
177399
191199
153400
123900
175200
140700
133200
168000
190000
130900
134900
116999
116201
118599
118600
122800
127501
143701
134400
130700
142200
119600
162799
173500
287500
225199
172899
132200
140000
130900
159599
131801
178200
146199
137100
149500
178799
122000
124000
160399
140400
146600
151600
135200
128600
143600
132099
134301
157000
141099
138300
149599
162601
294701
131700
175101
119301
131199
162001
183700
167200
166200
159801
170001
139501
135900
131701
131900
135201
144900
172899
135901
164599
125100
136700
135300
133000
172400
156099
194599
129701
154900
134000
128901
134700
139001
148800
129299
165100
146499
243500
183300
190900
151501
197100
194301
160499
132500
210100
146001
145200
130701
143701
184000
210701
200300
181699
144600
136800
129600
118600
122600
120000
152500
161100
120500
171700
176000
175300
164899
162101
185401
213400
175299
180000
162700
168800
133600
147200
141800
179400
176200
168100
171400
160400
150200
158301
153300
145900
131800
175100
172700
122000
130800
142399
117800
123500
122900
130700
118100
116499
178600
117199
211000
253699
158201
158300
124800
185501
135000
115400
142900
131500
188900
240200
122200
241801
145000
175901
155601
143999
144400
140600
139599
144800
141801
146899
184500
190199
119700
127800
137200
146700
141000
121100
118900
154600
133600
118500
136400
3487300
156601
203201
142801
128900
133301
115801
147400
113101
120200
112200
112999
136800
130300
125399
113401
115699
133299
176700
142500
149600
142400
132700
119401
125700
156899
124401
673300
145300
146300
127800
136101
131400
116600
119900
120300
121000
123600
119001
118399
121700
113100
113101
113700
112600
136001
126999
118701
156699
113300
113600
120400
118699
119100
113801
113599
131000
123700
147301
144700
147800
151900
141699
148800
173599
167100
159800
143800
120100
145100
145500
173500
171401
149200
175500
175800
204701
164901
180600
166401
179001
173800
288400
124500
221201
204499
150800
171200
125799
121500
119000
125700
132200
128600
119800
119000
123600
117800
120500
224901
207899
117400
119300
119301
152900
134101
134800
119200
120400
125300
123300
122700
207500
206600
207501
217601
116101
119001
117400
126000
125499
130600
133201
119800
560800
199800
213000
194700
193800
221200
190499
173801
201901
143300
115700
130499
112501
121700
113901
113600
139900
116900
114200
200200
162600
152500
117200
113199
168800
127400
127800
114101
115100
142000
114700
113800
113099
113000
113900
113200
117700
193300
143199
162000
134000
114800
113599
119600
113101
121700
117700
114800
139400
202900
221799
203600
208600
203800
210099
210000
214100
202101
208600
202601
225899
200100
198900
198000
200001
200601
203400
194500
194199
118700
125599
300000
199300
175300
136900
141099
124200
120000
142901
115700
129600
209700
194499
194800
195700
201899
195800
158599
124801
127900
131599
120600
126899
120199
120900
127201
117000
120000
119100
131501
119500
155300
172700
210699
154400
164101
198101
157900
199400
1017299
199800
140500
167400
122100
174099
136400
166000
134800
169100
148099
166200
216600
152200
184500
176299
170200
137600
176000
136100
201601
123400
149899
152500
383900
165301
205999
220600
183400
177799
209600
166199
175901
120900
128001
120099
122100
122200
121000
151000
202100
129299
116201
116799
117500
117001
116200
117800
116900
130599
140700
121300
114299
116400
116100
116801
116901
116001
116501
129900
121100
116501
115900
115799
113300
118300
139601
117801
117200
126500
115899
116400
107000
117299
122900
116500
115801
127601
116701
115500
162300
116500
116199
112500
115999
116200
335700
148699
154700
143599
116100
121200
121700
124100
119500
116301
116200
116399
178401
175299
139700
163801
117900
125400
126500
116800
115500
196400
189399
131200
130300
181700
115299
125600
121100
117600
122000
116200
127800
144100
117301
210500
149700
173800
142000
118000
139201
123900
152100
122200
157500
195000
142001
138100
117399
120100
117200
117200
116600
116500
117401
117000
116801
117401
116000
117301
116600
125700
116800
115900
119401
125000
121000
120600
116401
117200
127199
144700
126399
116401
116099
232301
149700
169300
118101
114500
116800
130599
123400
115400
115900
133400
121200
119101
117501
116401
119600
126100
119300
121900
116301
115899
131300
119001
116200
144199
118000
125799
123600
117000
116400
116700
120500
117400
122700
116500
114799
128800
119500
120100
120000
120299
119900
119900
144099
119999
131199
120100
141099
150600
196600
171200
135900
127801
131300
139200
146200
170600
140500
212601
198600
140999
137899
119600
117500
114300
128300
117101
113700
129001
117400
120601
121600
116901
119801
122100
131199
121200
121200
126599
120900
126701
119899
138800
117500
116600
127299
116700
117300
121900
116600
195501
135101
120600
118000
122000
117899
117400
115400
107600
117401
117400
117201
116599
157800
131599
113400
117200
117600
116500
121300
120800
129901
117800
117800
142999
125400
124100
166200
121900
125200
144301
117300
122200
137700
131501
191500
186301
138100
149400
139999
124600
116699
152000
121500
139600
131501
131300
118200
118599
126899
129101
117300
116500
117399
146100
117299
115800
183500
120700
113099
128399
118900
116800
116999
117601
132800
118800
116800
132000
117500
117399
127200
116800
128100
111100
117801
107600
116101
120400
121200
191000
286500
185000
503900
275900
147499
137400
171001
127300
146599
117500
117500
117799
124999
117100
117201
133300
117200
121900
120000
129501
117500
117201
137301
123300
128899
143201
148100
141400
132199
116699
114000
130000
137101
128100
131199
141500
185699
130600
117100
135700
128000
134699
137200
127600
127500
126800
116100
128401
127801
117700
120600
129200
116900
125601
116200
117099
129899
121600
116599
129700
118100
124400
116200
115399
118200
114500
124500
122900
116900
120900
118100
126000
116901
125400
117401
117500
207899
124901
117701
157001
145799
185800
144399
212800
134001
199100
129099
128100
117300
117600
135900
126001
117600
232400
115699
134099
121700
115001
121201
117799
121600
136101
117500
116600
165200
215100
148399
118901
117500
116699
131300
116400
117501
116601
114899
168699
155100
126300
172199
135601
145401
129001
118000
133700
132700
160000
179899
181600
172901
180301
160999
154900
179099
197200
223800
185100
168400
181800
184200
125901
134700
148901
138800
120800
176900
243500
133599
131899
119899
154100
220299
165601
155400
158900
199400
163301
136201
158600
144300
213500
213800
117001
117101
116901
114200
116599
117399
122400
117101
129600
121000
117300
117500
133300
122000
121400
137100
117700
117001
158599
116801
113800
124801
117601
124600
121900
117100
117299
454300
146601
129200
124200
116900
117500
122600
120700
117799
117200
114500
126899
117300
119500
128500
116700
121600
140000
118000
117701
175600
129100
117199
116800
128699
127300
150499
120000
150300
173400
180499
186000
150600
164001
157500
142600
134400
160100
200100
154800
198600
157499
177800
152400
122500
143700
125600
119700
117300
116900
127001
121199
116699
117300
116900
121300
136500
126101
116800
117299
153200
115300
118001
115400
116901
121100
158300
121100
140401
125200
132599
130900
120699
118101
116200
123900
128401
117499
115600
210901
173299
171499
190099
133001
135699
148400
137100
137500
153100
176001
197800
158500
131000
123200
117500
113599
126900
117201
117200
145499
117600
117300
127599
117501
123999
118900
118300
117400
138800
162701
135699
129800
113901
140299
129601
123100
117000
117699
117400
134101
119800
210599
173399
158400
140000
134701
119100
131699
117800
142600
129099
117101
116501
121500
121900
120900
121800
131400
117700
137600
117200
117499
150200
117499
121000
175100
115400
131400
128499
127700
127800
127300
127001
136700
126799
127099
135799
134899
134899
139500
177499
129800
132800
293000
144600
119700
135000
152500
174600
162600
238800
131600
141501
140200
140001
152400
120300
136900
154199
155699
122400
269900
138200
136700
143900
154600
132999
136800
144301
116099
113601
136700
117800
124700
131201
118299
117700
116700
128200
117799
3574000
196900
179400
189200
181700
186799
183200
199700
179499
184099
129701
118700
133101
117800
114700
114499
117301
1056400
120299
122900
146299
118501
123999
153200
117700
118301
161700
237301
156000
153300
123799
173099
235600
123700
116901
121100
119800
132100
122700
117199
119301
117399
123700
123500
118100
119300
142099
130500
166400
116800
115700
116600
129100
122800
118000
117601
149201
129900
135700
123900
116600
116701
122999
117300
117200
115499
120500
114299
117400
117400
170400
127600
116999
116901
116800
115700
128601
116199
116699
115800
115900
125500
118900
143001
118500
116799
130601
117200
116000
115599
116700
131401
125100
114700
118900
167600
183600
125200
206800
115999
117901
134700
122600
129699
118000
117900
181599
118200
116801
117500
132599
122000
121400
117900
117499
117500
123699
123700
117899
117301
122400
120800
117799
122600
117900
118400
129700
117101
138600
132700
127800
127799
160401
117199
121200
154700
132099
119700
143400
130199
152200
148701
147600
119500
116500
135800
131800
115899
116800
113000
119901
122400
116799
118200
118400
155600
127499
121900
116700
117100
141100
121500
117001
133300
130701
128001
113500
135800
116900
116499
122700
121400
117101
117901
117701
179201
144401
134999
189200
134899
178100
117901
116599
143900
113699
117600
116801
116601
120900
117000
117100
121900
116799
117101
142400
128901
117000
132201
128301
123300
135499
118901
129399
117400
126599
128400
120700
116900
117900
133600
131500
140499
171100
118701
139901
117101
121300
128500
118600
231900
124000
163501
151200
132600
160400
167800
135300
134600
174200
207300
211100
175599
121800
119199
131299
120600
117799
117499
117100
136600
114601
112900
120600
113500
113501
118600
112999
114700
114999
118900
116399
115500
145900
165299
118500
116599
116700
128901
123600
142600
120200
119500
118099
130199
117501
117299
117099
117200
121800
118999
118101
115401
117699
125800
145099
120601
119201
117701
122900
121700
118100
118200
119301
125500
118100
125701
115999
118400
120000
122900
117301
115100
121100
128200
126700
118200
117700
116901
124000
126099
116501
117900
127600
116000
118700
287901
148300
176900
123700
119199
151800
116399
131001
116700
118100
118701
117400
123500
121200
116600
115600
118100
170501
118601
115700
116199
116700
120100
120300
117601
116500
116200
125700
131600
116100
117700
142199
121800
127001
118400
117400
139200
126901
116799
130000
116500
117300
132800
121700
118899
2583500
145199
166700
156700
133801
135200
141000
136300
153100
130800
128800
129399
119899
122300
130199
129000
123401
119000
118600
133199
129200
127099
123699
120900
120300
119100
124899
122800
187000
119799
200300
134100
113201
179300
143101
132500
155900
136200
127700
131199
120000
130600
129801
129700
122300
127100
134400
127400
118901
122700
126300
139400
148800
171499
130800
114901
125200
123200
118899
118800
119400
131200
130001
119400
121800
119399
133800
141600
130700
129701
116101
130300
114800
129600
119300
118299
118400
118399
145900
153800
211300
144699
141700
137600
130900
150500
152400
137800
159400
154200
225499
184500
115600
131199
120700
125500
124300
119000
119300
122600
132300
119600
120200
119200
118499
124100
132800
120700
119900
131600
130599
136499
128200
129700
123300
133300
124300
120800
131799
121000
130001
1571000
125300
115699
153400
130701
120800
120400
120500
120700
124700
132101
131001
119900
130199
118801
119199
118901
196800
221400
118200
122500
118600
119200
135201
124399
119100
129401
121099
180401
182000
198300
180200
182201
125300
121300
167400
134799
159600
183100
185100
136200
129500
117700
126200
128401
116300
117300
118200
148299
129799
117399
122100
120499
119500
125801
121000
132100
252100
137299
150099
134499
128200
134399
138500
118600
121000
124599
122300
129900
119500
116701
118999
127600
124700
118900
139699
133599
130100
2610200
155500
177200
141100
189400
162599
138100
167200
135101
128599
131501
132599
118699
122100
128800
134300
134100
127201
127700
184400
121800
119199
156599
161200
131601
124200
115899
119900
140100
131900
118799
131900
119900
121400
214200
185300
211600
139700
144200
143801
130299
167100
131401
121800
167600
137700
119500
119100
135700
117899
118600
114401
119201
119800
114800
119700
117801
118900
128700
118101
122300
130100
162500
123899
133700
116899
117299
118500
126399
116999
117300
127000
117800
123000
143000
147400
149901
114799
145799
129700
131199
140399
130301
160900
229601
176200
233600
183901
160100
164199
140000
221299
141601
153500
126601
117599
118000
118100
129700
121500
124400
117801
117299
146200
118001
117200
117000
116999
117000
116801
116600
113601
202800
121499
133200
168000
135899
171399
130400
118301
132301
118801
135201
118699
118799
118501
119001
130601
114700
119000
118199
129900
133400
132800
128200
128901
128899
147601
130399
129500
133900
128300
133801
208700
145099
126299
129099
139600
127801
119600
117900
118100
123400
121200
118000
123100
118701
143600
145199
154100
119901
135200
145201
139600
138200
144000
170900
199600
202400
131801
122900
118700
118600
118899
118099
118000
131301
117701
118199
124500
118301
122900
131799
119400
118700
129601
128501
118800
131700
130400
128999
150001
123400
148100
130401
119101
2223200
189299
138800
120300
113800
138300
121500
117800
140800
122300
1135500
126000
119000
186800
122300
128499
118500
116299
119900
118400
120100
132501
119099
120199
146699
119500
119399
143200
121800
130501
118999
117900
118400
118101
120500
154300
200100
147300
134600
181700
129801
124000
118600
128500
124300
133699
117299
122600
116799
127501
120900
117500
117601
121700
121700
121500
133001
118000
116499
130800
116900
129000
133400
127099
131800
124300
128000
127799
207000
139300
114501
121800
120400
122400
140400
133800
130001
119800
144200
117600
116700
4352200
192700
120699
134700
119400
119701
118800
133200
118701
118401
118900
118101
123300
123599
119199
131001
119301
127701
118900
123100
119101
116501
127200
123900
118700
141100
120800
140599
204299
137300
245899
148700
159600
129001
135400
119100
119101
130600
114701
118000
129901
118500
123600
122700
129500
129800
129899
141300
132600
129100
129301
132200
133699
128701
155799
119600
130400
129200
128701
129399
128400
129100
129000
129800
129499
136100
140299
128700
132501
129000
129300
137900
121900
129900
133399
121800
141101
154400
269999
143601
179800
142100
149300
135600
136300
133799
191401
120300
151901
177400
122800
129600
125199
119700
118900
126301
128000
118900
130000
118401
118799
132699
122300
118999
141200
117499
128500
117500
131900
117199
135800
122700
118199
116700
116700
117000
120099
118201
1380801
133700
118900
116899
118501
113999
117899
129900
117100
117599
136200
129701
150699
122500
117500
117201
117100
126700
116800
117200
135700
117000
131500
122400
118000
117499
122000
126799
116499
126400
117200
119100
126200
120700
116999
121300
116600
125801
126900
115300
118000
168900
167400
135100
137800
119101
117499
133599
119200
116900
133299
117199
123301
139000
117500
117400
159000
181699
179801
199400
180400
176701
179899
120001
113300
115400
134200
118300
118201
118900
125001
124100
140601
113600
119499
118000
125001
119101
117800
118100
118000
122600
121900
118301
123500
131901
247799
158200
133799
136300
121600
146800
129699
177300
190101
198400
205101
121501
132100
125100
117300
131301
128200
159900
172500
173399
193899
190400
179500
152199
158100
217800
126600
125100
142501
119500
118400
133501
117901
118101
184300
174401
118000
151700
115701
151200
117300
116899
116499
117800
122800
126399
118701
117399
141301
127399
116599
134601
117301
117200
165399
119300
128700
118301
118500
134100
116700
117899
133099
127700
132501
139899
127500
127801
139400
136600
126799
116599
115300
118001
118999
180601
2825299
140100
130499
192300
143700
120000
130900
128901
131801
116501
117100
117500
118300
115601
137700
119099
117600
200900
116300
118201
135500
121101
143601
117299
117400
145899
119400
124099
114400
119900
149100
165099
137100
117199
128301
417700
146199
184500
127201
116301
172299
124700
135000
118600
116900
116500
124800
121000
121600
120999
116700
118601
126601
117100
117599
117899
117500
121700
129800
120500
127401
128799
135600
160200
233700
156400
163600
172399
183800
151001
123700
139500
213200
131001
226300
119199
137500
161299
159400
192201
186999
216700
216400
138800
132100
169200
157100
135100
130801
135100
127900
135001
146701
122900
120701
120499
129700
125999
130799
118800
117700
128000
116999
117200
117001
117001
1344700
146699
119200
119100
150799
130200
117900
118501
117500
115101
125200
122000
116500
120700
118200
126801
117401
117800
119501
117799
140500
115799
117900
129399
118701
117000
116199
118901
117600
116400
117599
118100
116500
117700
141201
119501
118200
126400
117900
121501
131099
118900
119900
149900
181300
178799
131900
120600
129200
130800
121900
116899
138200
118401
141600
148201
118301
116400
122100
123700
119200
116799
116501
116900
127600
116501
117200
117799
117201
121300
121500
117400
117001
117200
136600
133900
113200
119900
115801
133901
128101
117600
128200
128201
126700
127401
127400
172100
144400
155100
134400
138500
157600
189499
272699
143699
133701
122400
125901
155300
117601
129401
117200
127201
117100
117000
128600
128101
122000
133001
128200
116701
128299
147399
123200
128500
132199
117399
131501
146001
118801
117000
149900
130101
247700
151200
131100
118900
124299
123401
116599
130200
118300
136900
116900
117101
133800
117300
133400
129399
140900
117799
134700
117001
127999
113900
128400
128001
127099
117400
128700
128200
139501
122300
116900
116400
136000
133301
121900
135600
128400
118001
127600
117201
117000
134700
117701
122400
129101
118100
134700
149700
165000
259100
137800
147400
138000
186301
147400
136400
153600
203600
208101
276600
132801
122500
129100
125999
136200
117800
118100
133399
128000
117700
127500
117401
114399
165300
117800
117701
140399
158101
113899
126600
117099
116601
116700
114201
213000
120500
117300
160700
128600
114400
131200
133701
134201
122700
120799
119800
119800
142699
114900
118300
121600
117500
133401
125100
128600
122200
114199
129600
161401
119100
117900
119200
135800
133099
118200
128800
129700
139400
129500
135000
125601
118500
126699
120100
133399
112999
118900
219701
182900
188600
120700
131899
127701
117299
133499
122600
117900
117100
121400
116899
114199
147800
116599
117699
137000
117199
127300
127899
118200
117099
141001
136001
123601
120100
118000
117000
766400
116799
129400
113000
127901
132400
117699
128501
127499
127599
137600
128000
128000
126899
127600
131700
130899
242400
299801
144799
138100
173900
134001
112699
120800
118900
115400
121100
178500
135500
125600
123999
119800
135699
119600
115100
120200
186100
119900
191500
165299
129801
134599
120600
133600
144201
131099
117700
116799
131600
128299
117399
115000
142000
117599
117000
151300
119901
117901
130001
121000
116700
116600
116999
117201
117000
128799
129300
128400
125800
128000
140900
127600
134800
138500
127700
185901
129200
132900
129800
167900
125200
239399
193300
136600
121400
118700
154000
143699
163301
119300
122900
131800
177800
136300
117900
117100
117700
128299
116900
118300
117300
117099
119701
162500
144901
215501
233000
149600
129999
168900
127700
132200
161800
136000
119200
133899
119600
134700
142699
121100
120599
183200
232101
225500
168500
160700
153500
187800
207400
198300
168700
177601
175699
179601
134401
141800
166600
131700
161600
138200
131601
123200
118201
123399
123300
157699
306400
159800
2525999
417401
179900
190801
186000
182300
187499
181600
203301
177300
179999
134701
131300
128899
140000
116400
116999
176399
196500
195300
142201
128999
115499
132899
122000
116001
116600
116401
132399
213700
198300
136800
129200
139000
205500
148101
189199
237699
132200
119700
117700
128701
134101
122200
117500
132600
117600
117399
174300
137600
197701
142100
130000
121900
115399
119100
115400
129000
118499
138100
116200
115201
141601
120601
116500
259300
151099
151400
126000
125400
130700
127501
158401
124201
153200
216900
198200
148799
123200
117599
116900
133400
122500
120500
127600
117100
117399
135801
118199
122400
143699
134400
180199
150500
196200
142600
123600
134900
157400
129801
117200
189799
178899
130100
118900
118601
133899
115400
120599
119800
117100
116300
131900
130100
168700
174900
212500
141599
126999
117099
124399
125500
121500
122100
114199
117400
167100
118000
116400
114801
116901
128100
137200
117200
122100
117600
126900
159201
129500
117399
114400
124600
136801
116000
183500
144800
175101
143201
226000
160700
146301
170000
154201
197900
217200
137800
157601
128499
113900
120400
117001
121700
146999
134200
197599
134200
134400
120100
125200
116401
116499
122700
116801
116399
123800
148300
117100
117500
116300
116200
121101
122500
115700
203100
145400
136200
116599
146400
118899
116801
120700
121700
114799
116901
116900
125500
116300
116300
115600
117401
120100
117399
112700
120600
114100
122999
133401
113000
121099
114299
127401
120200
115801
116401
116799
134900
121200
134299
161601
199300
162201
137500
144000
118100
152900
112600
115100
116400
116700
116201
116900
115100
117001
121599
130099
117200
128000
117301
117000
126299
121400
117499
153200
158300
144900
129499
128099
120899
127700
122200
139700
117300
116800
145200
128600
117201
124000
117299
116901
121001
118600
117300
117300
117300
133701
170300
133299
166100
129100
193899
138000
129700
131299
122300
130400
116801
116699
115300
118000
122700
117301
117300
117599
117400
117401
127201
117101
116300
165800
120800
123800
116001
117300
127800
116500
128700
133700
117599
123100
133001
129601
117301
279301
173200
150201
119700
117401
118099
131401
124400
118500
143601
119500
129299
186000
119201
122600
118701
124199
122500
118100
118399
119301
128500
118300
118701
119099
119001
122800
121300
118701
122499
119700
145200
140700
121401
118000
122000
122500
118500
119100
118600
119501
150800
119600
118000
177700
161100
123300
123500
156900
198200
219201
165099
143301
119800
118300
124300
122600
117701
116701
118200
135299
116699
117400
126500
117799
121400
128901
118201
117800
115700
128100
118500
117500
113700
118200
123499
122200
142899
118001
119000
241501
154901
155600
115899
154500
128300
119200
130199
115900
115200
129400
116201
115000
116200
114500
122800
116500
148400
117900
116800
111200
115800
115401
113399
116700
116199
116701
115600
116500
126599
115700
158900
120999
120800
124899
120200
115599
115800
115501
155800
116500
115300
136001
115400
121000
262301
148600
153200
131201
143500
130799
132500
129900
140401
158100
189701
136100
174700
118701
131199
116201
116901
116300
152000
123000
122500
116600
116500
117000
143700
116299
115700
117000
116400
120500
119001
122200
151500
127799
177399
122100
120400
165600
114901
115700
231700
121500
119401
133200
121800
118501
118200
121500
122600
120700
131899
118700
118299
130700
118200
118000
122200
118399
122600
123800
118501
118500
124500
127700
119200
280200
120300
122300
121900
135101
123100
118100
118700
140500
118401
118801
127600
119200
122200
122300
119200
119099
118801
125400
118800
119500
118600
123900
223299
137300
138300
121400
139600
120599
122600
118599
119499
124000
118899
118300
121900
118600
130100
116101
118401
119000
119100
123000
122300
119200
119300
119499
155900
119801
133100
118000
118500
144800
122200
119099
169700
261701
169900
117500
143901
118500
119500
178600
185400
151400
178701
188500
223800
151300
146399
132401
118301
145800
141101
122100
133600
117001
145400
118901
118001
118199
118001
127099
115400
130701
118400
118901
118299
119201
118600
133701
114500
131299
131101
253199
154299
991300
137600
133900
129600
128901
135200
131399
128300
130300
128100
143100
128601
121101
132600
128201
133300
131099
128500
128600
130500
141100
128700
128700
129401
133900
135000
132800
140700
130399
119800
142100
129500
128600
129799
128301
132699
132500
128399
133899
131299
137700
129600
128300
127999
127199
131901
122300
128700
129901
138900
128600
128400
128300
127900
127900
127800
128199
128101
130199
138200
133400
129000
128200
120400
132800
131300
126100
128400
128900
129100
128600
127799
145501
121300
148300
125101
120900
117699
134000
129000
114999
119900
142900
118900
124599
134400
118400
118299
5553200
198000
139099
124500
119601
183200
141300
132100
118501
136100
131800
191499
139100
192201
142301
278300
131101
116599
196100
164599
281299
186200
178599
179101
212300
181699
206099
152200
133000
220600
316801
135501
132101
119301
186201
157300
132600
225800
262600
178300
140400
124300
152400
463201
137100
153200
252799
139900
128599
198900
309100
126201
209100
166200
238600
134799
948100
153500
313200
186201
162699
459900
128901
192601
184000
188300
231501
182001
153900
164401
213100
192400
239699
197500
144499
322399
197201
337000
222599
178601
176801
438300
201600
163900
126599
410000
146600
198800
183400
462001
129500
201600
406600
120700
186600
276600
883199
153500
191600
138900
167200
207099
192700
171901
272400
209100
150399
168500
143200
148700
232801
141599
198200
167500
364100
241301
174699
185200
653600
503600
418201
342500
868699
190599
257700
145700
162801
315300
182600
213800
156699
197500
380300
137000
190100
202100
182099
269800
153600
186799
397900
223099
116701
214300
206000
122900
117500
240700
319700
123401
143700
132800
174901
342201
134499
224401
155399
241200
209900
192300
119900
173700
167600
138700
147800
219299
133800
118100
279500
174699
167100
145100
181800
208200
219000
119299
194700
141900
185099
174799
209200
183700
181201
142200
150900
175500
246000
214200
165400
299999
131200
155200
115801
186400
170500
140200
526601
165699
149399
130100
167000
116700
116900
122100
116601
116300
191299
141801
118301
116900
117899
135700
346800
155300
179401
175900
174000
153900
544600
560800
2510199
402601
696600
366500
318899
261800
250000
270700
245700
275400
248800
300900
248801
386100
230200
210199
466501
277501
290500
155200
169600
165100
175600
175901
165700
166299
185300
179100
218600
143800
219399
187299
198500
167500
145901
157200
144600
142601
143501
142400
142199
141300
131801
131700
128200
142400
138700
129200
126499
126599
135400
135300
139000
126500
126500
126500
135000
133400
125100
125299
120100
121300
120300
115701
116701
116701
125699
117299
116500
117300
116500
142400
166000
136899
120500
127100
164201
127701
130700
162800
142000
127301
122700
152700
122100
117600
129200
116099
115700
115399
115500
121500
117801
115799
125100
115499
115999
123900
115799
115199
159100
118799
118300
112801
118299
131499
116501
115999
124700
115699
120900
129100
115601
117200
198900
159999
156200
116300
117600
119300
121300
130001
117400
170800
118001
129000
129701
116000
122800
115100
121600
128201
115701
115799
123400
123600
114999
121200
115499
116199
119600
119700
116199
119200
116601
128399
125999
116200
116799
116699
121700
124300
116101
116200
128800
118800
116200
3161999
188700
168300
125099
148000
120500
122200
131101
116200
120800
115901
116800
156900
120900
117000
119900
116499
141701
116600
116600
116900
116200
127000
121800
118901
117500
117000
139500
116801
116301
116301
116400
120800
167499
723601
193301
173600
134100
118200
115500
115500
125800
124600
121400
112100
116400
117500
127100
117400
116900
117699
117600
122200
116801
116799
117600
118200
115100
126401
118001
117400
127099
117800
117100
189200
118600
124599
146100
129400
129501
120700
128400
121300
117100
205100
156700
246200
132499
121300
122000
127800
130699
132200
148901
172800
142301
158300
126000
121500
117999
117099
122800
121600
117999
126699
117600
127200
124499
116500
117501
121100
120800
121400
115500
117600
118000
129899
114500
123101
116900
115900
128100
116601
116200
131000
116899
115701
5095801
184500
126900
122700
117800
117401
117199
117601
129800
116800
116899
139400
117500
122000
121700
117600
117000
116399
125800
115700
115800
120900
116000
121000
120800
117401
116101
116300
125900
116600
116400
116001
122900
120500
189399
134100
118800
118100
135100
116599
128799
117800
117500
123600
121600
116400
116599
118301
126000
117899
117400
137900
117900
121900
117200
116700
117400
118099
118601
117501
121901
117600
117699
117701
116400
117499
118000
156400
117901
132100
117000
115999
120800
120500
116200
117201
117900
125401
2580501
152100
122100
121400
131000
169800
143499
131900
186600
143700
136700
116200
116501
117601
120400
121400
116499
116801
116500
126499
116700
116401
116600
116599
122000
120800
117099
116501
128500
124900
116399
149600
116700
116400
122300
116700
116800
116600
116800
161700
138300
139500
125500
118199
118200
115800
118001
117400
130201
115300
117200
125801
117101
121500
130500
119701
118799
127499
127301
116901
114300
117900
117400
138300
122600
117600
119300
117100
126800
116299
117000
117800
117901
121100
136900
120600
120999
125901
833099
128601
121600
119501
116700
233799
159499
139000
143201
158701
141201
162599
155901
156700
175001
155100
131300
143599
159700
132401
117500
116799
118801
116899
122700
125500
117400
116699
123300
127100
117600
135800
117400
117600
168801
123000
116801
114300
118300
138500
117699
117100
117399
117000
122200
136100
147799
122100
132099
136399
120800
121300
121300
127301
123300
122499
113800
117301
118200
137101
116800
121900
131000
128800
121500
117901
117900
115201
118500
117600
116200
117000
116900
132199
116800
118199
116899
117700
127200
116401
117400
117001
119501
121700
121300
117000
117099
117300
124400
116900
118000
129099
127499
215201
130100
132900
119700
118400
132301
129000
134099
126800
127199
159000
130600
126700
113400
117299
137700
127501
127800
127301
127099
131601
131500
126899
127801
127100
159601
128899
112901
128900
128000
132899
116101
128599
128599
127700
129800
127000
127800
127199
127901
126699
132401
127299
128101
154000
127299
117600
281800
128000
152500
153599
133900
118899
120499
135900
128800
117700
116999
112801
123200
122500
115301
118200
117900
126701
115699
117400
118300
133301
134500
125100
118001
154400
137400
135799
117599
120800
118301
118300
124200
192100
147501
118100
130100
131400
134700
122300
117099
117399
124500
117501
117500
116900
117599
117100
130800
124401
129099
116800
114000
134501
127800
127301
153800
127200
127101
127801
126600
131100
130401
126899
132401
129100
148101
150800
163200
188999
179800
184901
173901
132901
135500
166800
165201
145601
161700
202299
203200
164600
127400
118300
132600
118601
126800
126701
130800
119500
119300
123800
122700
157600
169400
148200
169500
136000
130001
247400
177301
160100
212501
174800
141199
124500
128501
151400
135500
211200
130000
133300
131800
129599
127800
143199
139700
130701
128599
134301
123200
133200
128100
129901
127800
139400
122900
121800
123000
127700
134900
135099
118199
182599
123000
144700
117900
115900
129100
118000
122100
134000
117901
117599
156900
169300
118801
144801
119099
141500
126399
123100
119100
176701
176400
189100
177200
199800
122300
113399
122900
121700
118200
117900
117200
117000
117400
138800
116500
114400
128900
115400
118100
116700
128600
117601
285000
125201
135500
143000
137099
121900
128599
185799
188800
165000
205201
210800
199200
266500
126200
122800
117299
117999
132201
129500
117801
136300
117499
122200
123800
117200
117400
140600
127700
114701
117299
117000
117300
122300
120800
117200
193400
240701
266000
119201
130400
131300
124700
146401
228001
145000
153200
119099
117799
116301
121200
130400
121100
149400
130699
132200
118499
140099
117901
116999
186900
135200
157900
119099
119800
115300
121400
125400
115100
116600
116000
158901
137200
174700
121300
138101
137800
141901
138400
148401
164299
179601
139501
146100
117800
117700
118799
129099
119800
143000
117799
116699
118199
123000
113700
117000
128601
125700
129200
132000
134500
130600
134200
131699
126800
128099
127000
127099
116801
148900
120300
136900
192599
158300
118300
127699
146300
120701
131800
128399
130400
120499
132199
127500
126901
127000
135500
127400
126999
127501
126899
118200
141000
126301
128700
155800
137100
126599
139601
116499
127501
138700
123300
117101
115799
116201
133900
117700
113999
131600
127700
132300
117700
127900
128200
127399
135801
126901
155000
144999
170100
344001
136400
126101
129500
183100
127700
171999
160800
133099
166200
183700
187001
180699
190400
200900
164901
190900
173301
177999
134199
160900
225900
130500
125100
139399
126301
240200
188000
123100
139801
213100
145099
196000
198800
205500
201500
181800
185100
183400
194999
186300
186700
181000
148600
144900
118599
122500
120000
117900
126600
121700
117601
155400
118501
155200
169601
118500
124500
119600
166299
130000
117599
117201
117499
106900
117401
144700
118200
128701
118601
117700
113000
116799
121600
117800
143700
143999
142900
130600
123600
117801
119599
119200
127801
130900
126800
117401
140501
122500
118899
118900
118101
138200
127799
125401
148501
145499
117600
5540500
195001
136500
121500
121100
129800
115700
125000
114700
117099
121300
120700
124301
116701
116399
137800
118100
117099
146300
154300
138300
117600
116100
153600
117499
114901
197500
119299
130801
117001
118099
117700
122600
125499
130099
139200
116400
115500
120800
121500
133400
161399
114601
117701
126400
116100
115301
115200
116301
124500
120599
115600
122800
115400
123399
122900
114899
115900
122500
136500
120800
124300
117301
115599
126201
113200
116099
112700
117100
125901
178900
118599
119600
149300
146800
138400
119699
126001
142301
131800
135099
122800
155801
152800
203600
150201
136200
118499
117301
113501
116199
116400
115101
129300
116600
115400
116101
124500
120300
119500
126101
116500
116099
132000
115001
115501
120199
116700
119199
119600
114999
116100
116901
129800
115900
326601
116899
123400
126299
122700
152100
119200
124299
130400
118199
118300
118499
115500
118400
135200
129899
115499
120201
128101
117700
118600
118499
130200
123499
130401
130101
118900
121000
120600
125901
145100
129899
119399
134200
119600
118299
134201
130800
119100
212400
129200
119900
140101
139300
117800
122000
149700
822500
124600
112001
116601
116600
197400
130001
129099
117400
128901
138100
128000
125800
144000
128799
157501
124999
190799
160400
140800
167500
163900
174001
144901
175400
166700
183800
146599
148901
264800
156300
163400
151001
146300
171899
201199
161100
140800
120300
164401
126201
124200
192899
146300
144299
121800
221000
206799
128100
159000
121200
136500
148100
171500
144599
209899
145499
997800
251801
176700
194100
170200
220199
143099
143100
151000
159000
166500
152600
164700
167400
161601
173000
179500
177201
215200
140300
223300
182100
166400
225401
176300
195601
148999
147201
122400
158799
168900
193001
173699
151300
193001
127600
141899
546100
129000
166400
277901
186499
212500
237100
139100
165299
180200
244200
138100
186900
167000
199400
197100
183100
181099
184500
193400
237799
188500
164100
554300
181699
196300
148799
130701
169900
225401
188700
153100
174500
179899
193000
127499
126800
132000
130899
127700
131800
116400
135199
132100
129200
229100
118199
134901
118999
115799
158200
118701
116700
128600
187300
177300
178600
174199
198900
175000
183900
184800
181200
186301
129400
118700
113699
112801
123300
130999
114201
112901
185500
131999
384300
174800
184100
133600
227500
152600
182900
145499
133001
183300
130800
138900
129000
131200
138600
134101
134301
185199
190501
153699
152001
139601
136400
136600
143200
135499
137700
152300
137100
151700
177700
166200
176500
165600
165500
136400
219099
182599
195300
129401
127599
121500
121400
137200
126900
127500
128400
127300
146699
127300
128100
131199
117900
139900
198300
187300
179700
186500
139600
129300
121500
121700
157401
172400
173200
168000
156400
161600
138200
116900
116999
114600
127200
128500
122400
168700
165300
166200
189200
160899
162900
159100
182600
180800
166900
168300
169300
169900
168200
183100
173900
184300
184200
177000
181200
182200
371900
344300
117499
133401
149800
126300
141700
156801
145899
213900
148999
133999
126799
112500
118000
113900
121400
124700
191600
193600
150900
207800
183200
189700
116799
123900
127600
125501
197100
121900
114100
128899
118799
143601
114299
117999
190900
193100
171200
115700
181800
187600
117099
116699
117200
130699
132401
173600
138700
166100
131100
126700
116899
115399
116099
115299
115999
116101
114399
117601
127100
116801
116400
136100
118399
124600
120300
116601
115800
116301
123400
116300
116300
116600
116901
121300
184999
125499
119500
122400
133200
124401
119700
116000
115501
125100
120501
116100
121300
116900
126100
218500
118399
124400
117400
123300
126300
115501
115900
120700
125100
116300
120499
116200
115799
125400
116200
115899
135100
117499
116700
119900
116900
116300
119400
117100
116000
119800
116499
124599
138801
117800
155800
5355999
141599
126901
178700
177600
192700
195500
179801
181100
123800
118401
122900
124300
116499
119300
118200
126999
117399
115900
117100
117499
124201
120600
117600
115801
117800
125700
173200
145900
127599
187099
135401
122500
116200
116100
116700
127300
114900
129001
114800
116099
121300
116599
115700
115700
117500
116400
116500
116301
116101
115701
116299
116400
116000
115300
159500
116400
116501
207800
121500
123400
120600
116200
116100
115401
124901
156099
167600
172800
150601
126101
184700
147699
178800
119500
132800
116800
119100
116499
135099
126600
121100
117300
121800
116900
125501
120800
119199
127901
139900
123500
120800
143900
170700
175899
156000
133300
119901
136400
133400
139501
131800
149900
162500
189900
178901
191500
158999
172401
165599
166200
124601
132800
169100
150300
124200
122900
144101
129399
138800
215600
181900
116500
129600
190500
129899
122600
123600
118399
123799
119199
115701
115901
115100
124301
121200
142000
127200
117301
124700
126200
117001
116000
121100
127999
116100
255000
135699
117500
125300
121000
115399
115600
127800
126700
188000
115300
117800
116500
121500
115299
114900
113300
119700
145801
116799
115100
129999
117801
116800
114700
117001
128200
127900
117200
127100
115099
115999
116000
119800
116900
156100
135200
138700
113201
114000
112800
113299
118499
117801
114201
204400
158199
202399
129400
139400
144299
121600
131500
144500
120900
115101
117101
128999
113600
117200
116201
115301
121100
119800
115800
116301
116999
142600
118599
132800
116100
115900
160901
118200
115999
115400
116100
119700
114901
116100
116100
115299
115900
122000
115899
115400
133100
116100
115900
234099
163700
294200
231299
193700
157300
161299
185801
202700
198300
132700
118299
125500
126099
118201
118601
121900
128499
118299
121500
119399
118300
119600
123100
118801
154000
121700
130399
118100
118600
118299
118199
124800
123100
118600
118299
125100
174901
126300
117200
107600
120699
124499
120900
117299
116800
116400
116301
131300
115899
115700
145500
116401
118299
115800
116000
128000
106700
107100
130001
116799
121800
146001
117399
115900
128199
124800
116799
112300
116800
117000
128900
121500
117699
107900
117801
125900
116800
116501
137500
119401
122700
180200
158800
149200
137000
136800
124100
141500
124400
138300
137300
165501
119700
115801
129900
130000
116001
116700
115799
116201
120900
117501
116000
116599
116001
116300
116400
118800
120900
116100
116399
127801
116999
116000
563300
140900
117201
116399
116799
123100
121100
121000
117799
116601
203900
195800
196901
214900
211801
176099
121100
119101
119500
118400
129600
118400
121301
118100
118799
122200
123100
118000
127701
119500
128200
123099
117701
118201
121800
122100
120900
121600
118899
119101
136100
119100
117900
120400
118600
122600
118101
118600
118399
118401
115400
118800
148200
156699
136400
123500
118100
117900
117301
131700
116599
124000
127501
115700
113600
121600
117099
184101
123600
132700
115500
115399
120400
117200
120401
125300
116200
116500
123499
125000
115900
120000
116201
115699
124399
119700
116100
157700
144799
131499
152800
119400
121900
117499
124200
164200
126100
123101
243300
199500
187900
172700
161399
199800
230700
130499
116500
130500
120200
118200
119200
117600
115299
122000
133401
119600
117999
146200
131700
117500
121200
118500
122000
122900
122100
118999
118600
120501
141800
106500
119300
125199
120001
123400
237400
151400
170899
132101
130701
118600
161801
120399
118300
124300
122100
118699
108000
118899
145700
118299
118800
125699
118700
122800
130999
119400
118600
124699
127500
119199
124900
118999
138700
113200
119899
118500
125401
120700
127200
117500
118500
122900
118000
117900
115699
127300
119001
257200
307999
136100
159800
148800
178700
152700
161101
150499
223100
146700
124300
119000
118099
118600
123201
122800
129599
118400
119100
135599
118900
117901
122000
119599
123700
123100
122000
118301
117001
128900
118999
185000
122400
178099
124599
122800
118500
117700
118201
231900
130800
126900
135599
119701
142200
136500
118499
117200
117999
119000
118200
117100
117500
118400
118501
118199
132901
118000
126799
118599
117199
118301
117200
127600
126200
118601
119099
118401
131600
118500
115801
123000
118500
125399
126101
117900
117999
122300
125999
118599
119000
118600
118799
122300
121300
118800
180700
144499
202001
165900
152700
146800
121900
144299
130499
155001
146600
134600
183000
118900
117301
117300
132200
123900
119200
119200
118399
118499
117800
118299
117899
119001
118900
117700
119200
120200
115600
126300
115801
116000
116001
127401
121200
138300
120600
116500
116800
238800
180999
117200
125301
120400
127400
200801
120200
119100
116801
134901
125000
117800
118100
117601
122999
121600
117799
119001
118900
127200
117901
117600
119100
117101
121600
121600
119300
119500
120300
149000
122200
117101
117700
120700
121399
118501
123000
118300
117800
214000
150900
156399
121599
118401
119900
120700
119599
119000
131200
126101
120600
111999
118301
125500
127201
118600
113599
115799
133300
116400
122200
115800
132201
127200
127601
118200
119000
141200
141900
130500
138900
119200
122500
118201
123200
130900
119400
131100
125200
131000
118999
118699
130600
136800
124600
333700
130000
147599
144100
131001
115499
130500
129600
125301
119000
119600
119699
120000
124200
118599
119300
123500
130899
119200
137000
133401
121100
162000
166900
140599
132100
131799
122400
124799
118900
168801
155400
185900
132199
130800
120300
121800
137300
123399
124400
118900
118800
146799
130300
114899
169700
139601
127400
123000
117700
127701
118501
127800
161099
121400
118599
117200
123300
123801
117900
119200
117101
129501
119301
129200
118899
119300
130900
117999
117700
124100
117699
118901
211301
121500
234000
160100
147900
140401
136300
146199
154599
137500
136700
134000
164900
222600
213400
137000
119800
132600
143101
133799
119500
118800
125901
137100
123100
133499
119199
119401
142100
148900
119900
131401
118799
135099
123000
118899
123601
129400
130499
118601
129800
120201
133301
124800
122700
291400
135600
130600
140800
120201
133499
130500
132999
125400
118901
129399
116099
120000
119300
118600
122300
119400
130300
119301
118800
130100
137400
130599
129800
140600
171000
166000
176501
165401
148300
164501
119000
125500
117299
119601
118201
118800
123799
123900
118801
119799
204400
163601
146899
134900
116900
134701
145000
134300
119601
120300
119400
129000
118499
118601
130600
155000
137700
126599
129999
119200
130400
124999
118900
114899
119400
130200
123300
119300
118900
130899
119499
118900
120101
119201
118400
139200
117100
131899
113500
118001
134600
131600
117500
180900
121000
125801
246400
122100
137800
163100
179301
129200
137600
130700
123100
122400
139400
146501
130701
119501
176399
176901
202700
177300
182300
188601
185600
183400
198900
177300
162099
117901
119799
118000
116900
126400
121200
117200
221999
131500
201000
132800
130099
130701
119100
147901
119300
118399
134800
116600
119501
129001
129401
129001
128800
128599
129401
129700
128700
145400
128899
127900
133100
129200
133900
135200
119800
129201
142399
138300
129500
149199
165400
129399
136200
131201
127200
127401
132099
153800
127199
235301
153600
162601
161201
151800
200600
193500
217899
187699
120300
120100
119300
135200
124601
123200
134100
119000
131200
126099
114501
119501
119199
118100
124600
119200
119900
124200
119501
119300
118600
119200
142299
133999
129699
129700
146900
121300
143000
197700
147801
125500
132199
127700
155501
118701
118900
119000
130400
117399
118300
119400
117500
141500
118901
119100
134101
118599
126800
118600
118500
119701
111999
124400
135700
119200
118400
145800
716199
138201
118001
119700
117001
126201
117500
117301
117400
117800
117700
117400
155000
165400
176300
153000
131100
134600
155500
161600
144901
226199
146599
206500
209600
141400
122600
119100
115501
128500
130099
113900
117901
117400
118600
121100
117200
117299
117800
126001
116700
116800
116601
120700
134000
121700
118101
116800
131000
128800
129100
133901
116599
116701
206300
174300
201001
189100
186501
136300
117701
132601
124200
117501
123800
124300
130800
118000
143899
131001
128900
114700
119000
117900
117801
117900
118100
118300
128599
118200
118200
117500
117000
122300
122500
124200
123700
118300
149500
117800
118200
129899
129000
133100
135400
129200
128900
131700
179199
143999
178900
140600
180600
138100
128399
115501
119300
130200
155400
116799
127700
132000
126899
131701
122900
127601
128000
119501
136300
127400
119100
128199
114099
162601
120900
123300
118301
117400
118001
118201
137300
118301
123100
117799
117800
117099
118201
185200
177700
178899
177501
347299
215500
189701
181200
129599
139600
160299
151000
156700
213900
201700
146601
129301
118000
117900
127901
129500
117301
129600
117700
117300
142600
133800
117901
117401
119100
138700
119400
118001
117401
133801
123800
124801
137300
118600
133000
137300
128901
124400
128801
128100
216800
155800
146399
137500
119799
117900
142101
122300
158301
119600
118100
112400
118399
117801
129700
117100
116500
116600
116701
122000
121300
117199
117501
116201
125500
114499
117300
116799
121300
122700
122000
139500
117700
117100
143100
116600
117100
138600
117800
120700
126301
116600
115100
186000
147201
228800
117899
179899
175401
135001
148700
129899
128099
151000
174899
171901
125900
121100
123700
125000
118601
118000
117901
159800
130500
118700
181201
119300
128300
118000
119100
119200
118001
129400
117199
116800
116600
126201
123300
124400
126000
118400
117800
135000
118800
117700
5794900
315600
207700
158400
178901
189399
187899
172099
158099
162401
180500
181400
126400
120199
195400
178000
130000
140001
142599
120700
122000
186999
159300
128700
116100
121099
123900
131500
118900
124800
117599
118100
139400
118700
118101
136400
132000
117401
117101
117101
117500
113400
117200
117300
116900
117399
128300
117301
118101
129600
118000
123300
124700
117601
117400
145299
140500
120900
116900
115100
125300
119399
117699
125400
115500
113600
1867100
136300
114700
114600
112201
119900
127600
113200
112600
344700
175901
213000
138301
172900
186099
134700
163701
145300
138901
155799
197200
193901
130899
144500
141000
161000
119900
116100
114300
119700
132200
114700
124300
151301
158601
177900
123600
123100
146199
135200
120300
122300
120900
117301
160801
395100
179500
333899
174801
191601
144699
143700
114301
125100
126900
124700
132099
122100
121199
133000
121000
144001
145801
125200
130399
133099
121200
122800
121900
134300
121400
129799
119700
118899
124399
132101
125900
116501
120000
129800
120800
118100
117299
119000
129099
151700
167200
132100
120001
177701
130801
173800
125501
145499
198600
216300
185600
119799
131499
112000
115801
115099
115299
120700
120800
114800
116300
116601
124501
116601
116300
106900
117099
140500
186700
118201
116499
116600
126400
114999
116400
116400
116000
121000
290700
116101
119800
133800
123200
115300
113900
116800
115200
149900
120400
121700
119600
117001
127299
116700
129799
116400
115299
122000
117400
117199
116499
116600
116300
116499
115800
116200
116499
117200
116099
118401
117101
126299
116500
122300
127900
121600
123300
119801
134001
119200
126301
142400
124200
127501
116100
115000
122800
122000
115999
116199
116201
125199
116400
116899
116800
115601
122400
130200
117300
117200
122100
126100
116100
175799
118300
117001
121200
120099
115200
115399
108000
136000
116100
115500
141301
116400
121800
114499
116700
116200
115400
115699
115100
114900
115999
116001
130000
188500
122200
162300
151200
172800
168600
119199
146800
126900
123900
136600
116801
114900
126601
113000
113700
112001
114400
118200
133300
114101
114200
226501
130501
121700
117500
116599
122100
126900
120200
121700
117899
116500
146301
114900
117800
174400
138899
124999
126100
116499
117099
123800
127900
116099
115800
115699
115601
141900
115800
117100
122200
117999
116100
121700
114401
116201
115100
115701
116101
116501
117000
128800
116199
116101
116800
116199
120400
122000
116100
116101
117900
128100
117299
115800
116399
116701
119700
129299
116000
121700
117200
193701
144200
157700
129400
117499
129501
132900
120499
127701
120199
229400
198700
203300
121699
117801
152000
123900
134100
117199
115801
143901
117000
116600
115999
117001
122300
115200
116299
116499
115801
117000
117000
116301
116400
115800
116500
117500
118100
116700
136900
116800
118801
1983200
187599
124600
128500
117600
116000
116800
128399
114599
116100
118200
116099
139700
124300
131099
115900
116701
128800
116501
116299
115300
116501
120900
119800
115599
116300
116300
125400
173300
140999
136800
117700
122900
133499
115200
115899
166500
135200
170000
141900
162601
149100
147501
120600
117800
117201
117200
156300
117699
124700
116901
116200
155600
120600
117600
117900
130200
127199
118001
117800
126301
121600
120401
107000
117599
117400
579900
143900
116800
115099
106900
121099
116001
119800
116799
131699
126100
204700
344099
191999
217501
158299
136800
227400
122400
174400
129300
131800
116299
116700
141200
127600
116800
139000
115200
134500
120899
117300
126800
116599
116600
119600
115901
116800
121700
131300
122600
140000
128000
122800
127000
127001
125699
116700
118800
228600
142100
137400
123800
178800
154201
111600
116500
115801
114000
130400
119700
115499
115200
115701
116399
114301
155900
116501
116800
155899
116699
117400
116100
115900
122700
116000
116000
117101
116900
116899
116200
112501
114601
114801
116301
115799
115399
115900
126400
115299
115400
115800
121800
120200
256999
132300
123200
142399
137800
187801
163200
138700
136900
125800
125700
116100
116200
166799
126000
115399
115899
115500
116200
128401
120400
116600
114899
117500
126199
116900
115599
117901
115800
120600
120000
116200
116101
124400
126200
116801
191300
149501
118200
126199
117500
118300
130700
114501
115301
124000
115300
115199
123100
116299
116300
116000
118400
124799
115500
115901
114499
116299
120900
119900
117500
117401
117400
129499
115700
115700
116099
116601
128600
120801
119801
116299
116701
125700
116000
115799
116301
116401
120500
125100
116200
120099
121200
166099
220599
131100
129901
127100
159101
136200
120201
146901
128500
139600
125899
122600
118000
117899
125300
117800
117800
129101
118101
118000
170599
120800
118600
116200
117701
116299
117700
117600
152500
116801
117599
127000
183600
125199
121700
117599
117999
117899
125600
117300
120300
133799
117199
125500
152900
116900
116700
116400
127901
116200
113900
115899
115601
148000
121701
119800
116500
117501
126000
118199
117699
117100
117600
121900
121700
117500
117900
163299
130299
117900
116300
116500
138900
122800
117900
124501
115901
116699
118400
115999
115200
121500
116200
115299
115300
205900
135100
131499
122800
127399
116500
110899
121300
119700
116001
115500
115800
126300
119300
119300
119200
124300
123299
122700
118700
119300
118599
127200
127099
144000
114301
119500
162600
124700
119901
118700
118599
129600
118601
118200
119500
118899
123100
127401
118100
119600
126700
127301
118500
132401
114200
112299
281799
134600
167900
174199
136200
121100
120201
118300
119200
119100
125200
119201
119201
119300
140901
131600
119000
118399
151000
127001
123699
130299
122000
120101
130201
118201
118200
113501
119299
127400
122900
135300
266899
156600
179800
122800
120000
119500
112199
129700
123700
119899
119100
119800
150199
120500
119899
187501
135500
124400
122000
118599
118699
118300
126600
125600
118600
118499
122500
121900
118299
121500
119000
118500
128101
119299
118200
127200
118099
117800
122300
119201
136400
131601
118200
129400
123200
118499
192401
146200
161799
134599
120700
155000
126701
124800
124800
125000
171400
130000
125000
143900
120500
132900
118200
115699
127500
117400
127900
124600
126800
118699
118699
159599
121000
126500
119800
119400
135200
124000
118301
136399
120300
129401
118000
121800
118300
3545500
132100
124500
119501
119601
119401
151500
120700
119899
118900
118700
122000
118600
118700
122100
130699
117899
124901
118899
118201
133600
140500
118700
181500
120599
130299
119600
118701
122400
118300
123700
139899
118900
119400
178299
145000
118401
120300
124701
119101
136800
122900
117899
118899
121600
130400
118400
136200
118099
118501
131000
128101
122700
118600
118800
130200
118499
118201
130299
119800
122700
122200
118500
118500
125900
117800
118401
122300
117800
118800
123601
119400
119501
129199
132900
118001
118099
118901
136600
127900
122400
124401
146401
125800
144800
123300
162500
191699
202201
186700
123100
116799
117300
118001
129000
117900
118100
118801
118401
127501
122700
117100
121000
118100
127600
133000
118599
120699
126900
123100
121300
148300
120100
132800
138800
120800
127301
119700
120300
480800
148299
164501
121301
119901
118600
122700
118199
118100
125399
118700
118700
121300
118401
129700
149501
196400
137800
114999
119701
123300
115600
144301
181600
136900
124900
116001
180301
124501
175401
127101
116700
192201
124301
215500
122600
218300
128499
134299
184900
191300
195699
181900
171600
144599
176199
197300
121900
119300
144700
125700
121001
120099
120500
129600
119100
134800
119400
120400
124200
120400
119700
121100
120900
119699
127601
120200
120600
142701
124600
120700
147599
120300
133499
131101
119600
119700
116999
138200
188301
144499
118701
123600
130899
120700
156100
118999
118800
129401
122900
130101
134801
119399
129300
139801
120101
129900
139599
123999
122200
129000
118700
118300
131899
117799
117500
117501
117900
122800
122300
117900
117800
131399
129400
121600
118001
118100
120900
120900
118200
128799
121600
118200
156100
120600
117600
153700
181300
130799
127800
160299
159900
174999
138500
154999
151200
135000
169000
124099
119400
118699
118099
133500
118201
135600
121100
117800
122600
143500
118300
118200
124300
127000
118200
159900
124401
119801
126101
123800
133600
120099
120500
139400
119800
120001
2158099
168100
164399
172700
125400
124799
124400
136200
164300
145000
133401
133600
145001
131600
137200
131700
132901
135501
118499
117901
134300
127600
118501
136300
134200
118999
999601
133700
131101
130500
129599
157200
134600
129600
181700
181400
152400
140799
152500
131200
210701
133700
123700
130500
119199
117100
128500
116999
118100
117700
117900
139999
123000
118300
140601
122300
129000
117301
118800
118701
119501
182299
135800
114600
117600
113600
124401
144700
121299
119100
128000
125601
118400
111901
119300
119001
2696901
180100
145600
169600
144701
135000
155800
120400
134799
133200
119801
129001
130200
119000
124200
124100
119500
119000
119000
128100
134000
131100
120000
165399
167300
122100
118001
132899
130301
130899
117000
116601
116600
199200
212901
132900
121300
118400
115099
130900
117099
128599
118500
117099
132400
121200
117399
126699
117799
127801
117100
128601
117600
116901
122900
117300
117701
117400
117700
117600
117600
117601
129501
116600
122400
117201
117000
117901
142500
117300
122000
116800
117299
126701
120800
117601
139500
129800
148100
157500
168700
154899
143199
146200
146101
138400
139801
138400
182001
148800
198300
202999
119200
137400
124199
118400
133701
120300
130199
117900
119400
129200
118700
122600
145499
116100
131101
120800
128800
138700
118700
119100
129000
124601
119199
123301
119001
118900
122100
119300
119301
254001
185500
130700
145000
145400
120800
132001
117000
117400
117199
115601
133699
123400
117400
125500
116999
125000
129800
118300
117200
128601
121800
121000
117401
118101
117300
129800
128600
117099
117100
117199
121701
121000
117900
114900
117299
126601
121700
202999
149200
125100
130600
123300
117799
118799
117800
141600
119800
118901
141100
129200
124899
124500
123900
134600
118000
117799
142199
119399
117899
117800
117900
118101
117701
118499
128100
118501
118099
118800
117401
122500
131201
118299
118300
125700
126200
119299
115799
117100
117300
170300
124700
218999
126201
162399
196400
139000
119400
154301
152700
137200
167301
153700
122900
145699
135600
129900
120800
119000
118101
123800
128400
122000
131300
115899
129499
130700
129500
119301
118999
124100
119400
119600
130299
136000
118900
131701
115900
139900
123800
121799
177799
178800
269501
188500
187501
206200
169500
136001
129100
134099
119200
119999
119000
134299
115201
118199
137400
129600
124900
138400
119401
118500
115700
128700
123000
118699
118599
119299
124100
123600
118700
118500
119200
127800
153200
131599
123900
118799
137400
132100
119400
119000
118800
126999
119701
3258500
275400
124700
133900
134401
120101
151000
120600
118700
119000
129999
119400
119300
118800
118900
118699
118700
130001
118600
119000
119099
119101
124299
139300
118900
119199
138600
142300
129500
123101
120000
118200
138900
126801
266699
186500
152900
140700
121800
118100
131400
118700
123501
134900
119101
116900
137500
128100
118099
131400
119600
118600
122700
122000
118400
129300
131901
184400
119499
130800
118901
130700
125099
119600
118599
119701
133099
130700
138799
118399
118601
122600
118200
118900
122700
119500
131000
134700
119201
118301
295099
142899
196500
153699
162300
129500
160000
129000
138600
169299
135700
150201
124900
130500
154999
118100
128699
125501
117500
117000
117300
122900
120700
116800
117100
128601
127601
117100
117299
123099
118800
132800
124600
119201
136700
117800
127700
117501
116900
129299
188200
141701
131100
130399
137300
138300
129700
198500
131299
129999
130201
118599
122900
118899
122500
140601
118599
119600
123700
117999
124801
126300
118200
119000
150499
129799
118399
114199
117800
203699
150599
129700
132500
125400
150799
153999
114500
117700
116799
116899
133301
120901
116999
117500
118300
133500
116499
117501
117401
116700
121500
121599
118000
116901
129400
142500
119200
119501
118901
118999
123900
118501
119600
118900
132299
118201
118700
123100
119100
129499
133399
129700
129300
133799
139600
129500
2714400
242700
183300
212299
169400
142200
122100
182200
195599
135801
119100
117901
131200
123000
122200
117299
140900
119700
147400
131600
119100
164100
124400
126099
123201
118101
117400
187499
131400
110300
118199
118500
166601
168900
191000
135301
121500
119800
140901
117599
135300
113799
119400
124400
117700
119100
119099
124699
120200
128601
117000
118199
137800
118799
118601
114100
119099
129099
118101
118101
119101
122200
135600
139000
119800
120200
145400
142000
139100
130100
120199
120000
124100
122300
119100
169601
119901
243200
160000
168500
127699
155700
142300
150001
141899
148501
165399
167800
122500
171499
120399
133199
126699
133900
122900
129301
119700
149201
119100
118999
130399
119000
132299
119599
118800
154100
121100
121000
118600
118500
129001
140600
129799
134000
119700
133301
127400
126300
118299
222501
132899
127800
122100
132899
127400
118200
135400
117699
128600
117099
117699
122300
121299
117099
121000
117100
145400
125499
117001
116700
123600
122200
120800
121900
117501
128499
142101
127599
127901
202300
120200
125801
128999
118199
118899
119399
129700
117900
117901
117499
117999
123400
118699
241100
152800
146699
132301
120100
127800
122300
130000
119201
182000
139199
166299
150700
165699
156600
143499
136700
127901
123900
252099
118499
133800
127900
116501
117499
118300
119100
121800
122200
148301
118400
117400
142699
117200
117099
119399
130800
123300
122800
130601
120100
193499
1003100
126599
134600
120800
124101
128600
119001
118900
118500
120000
117800
178000
182399
182300
181200
175500
181500
114300
130399
140101
117199
118300
116500
117200
122300
121700
117600
116800
117300
126301
170400
127900
146600
133001
181401
134501
117201
117999
117300
134600
117000
117500
122600
116399
121001
126699
116501
116800
120700
125601
117199
121200
117100
116799
137500
133900
119501
144901
117501
125599
158400
119600
120200
174300
127900
141200
122600
118901
119800
118001
131799
117700
117701
220801
195900
141301
138200
138000
171400
214900
123900
122200
114800
125399
123999
116501
117599
117400
128100
134400
118301
116701
117601
128901
121800
117099
126100
117499
125700
139000
117500
117000
160901
123200
137100
117699
117900
188301
144201
132301
189301
166800
126301
123000
125000
108800
119599
117701
131100
119401
120801
130301
118800
125100
133800
119900
120599
131100
137900
120200
134699
120100
118899
194501
130601
119900
136401
131199
122600
118400
118400
123000
124201
123000
122100
118600
118601
133100
115201
130700
131900
120000
124700
137300
127000
119200
171399
152400
148000
178600
145999
161799
177999
216200
155800
198800
198500
147300
134199
118100
118000
114901
135000
123500
129800
118800
118700
126300
118200
117600
118399
117801
121700
139400
146200
150900
132201
145599
139000
117601
117500
116999
117200
1521599
125099
121100
142100
119600
119000
118801
119200
124400
123000
119100
118499
115600
133501
133199
119300
120000
119700
123300
137300
116001
120501
120400
129399
119599
120600
120100
120000
123600
119201
121000
197800
115901
132200
141600
120000
119000
118700
125300
122500
119699
119600
205099
157700
119100
131600
141799
129700
131701
118301
118501
134700
118499
118001
117800
117201
118400
117800
121700
117901
117900
118200
128500
123900
117800
117800
124801
134400
123100
150400
118500
129901
132800
118201
117900
117601
117900
141300
133401
118301
118501
129400
127299
112500
113500
112499
112001
118301
126101
136600
155301
151500
137800
150900
138500
180100
184100
183700
206200
218100
137300
120800
143001
119201
122300
119701
119101
127699
119099
119101
134500
119800
119001
124600
118900
119100
153600
132600
120500
119201
119300
131400
156000
115199
149800
129400
137100
186701
133001
118399
134600
145000
129300
153700
130200
119200
126599
134700
121200
127799
120900
151801
120100
119400
149900
120201
142000
133700
120100
190299
121800
133900
119100
119300
119200
115700
125201
123201
119700
118800
119099
132700
131600
174300
119799
131801
126800
186299
156699
134600
137600
145000
138301
141000
136800
157701
197900
216999
156000
120600
137400
119300
118900
122900
119900
123700
166500
131701
118801
164601
129101
118400
120000
118599
131800
136700
135100
129101
130201
129601
170201
133101
119600
119500
119400
124900
132201
132301
241300
121600
137500
176401
171200
119900
118701
132000
125800
117900
129200
117500
143201
117000
131300
119900
118801
135601
119600
119701
120301
119000
130301
119100
143599
124000
118700
128800
120000
118901
130201
131101
118701
118801
119500
118800
190699
156201
150301
136400
121000
143099
122000
118701
118100
116600
138200
131299
117400
117701
146000
137200
117800
117100
117700
117700
121500
120601
117999
115900
118400
144200
116899
116900
138900
130201
140999
168400
160501
185101
185601
184000
161500
205800
228700
167900
192700
172900
148100
146301
173901
126401
124599
117299
122200
119099
118700
118000
118101
117699
130899
118800
117501
117300
118800
123200
134100
118700
118601
133399
128700
119100
164900
163300
119601
207600
208600
186500
185100
201400
196001
180400
176900
179100
176400
147500
124700
130600
123500
119401
129100
122300
119500
118800
136200
183300
189800
213000
136400
120100
128999
146100
132900
122600
118700
126599
127099
119400
117799
124300
117700
118800
180201
205000
201900
199100
157899
184200
162901
136000
219900
122700
113301
118400
124201
124400
118200
118200
118300
127001
118800
119301
118999
119400
122000
123200
132600
119900
119100
150601
119400
118800
119501
119000
125000
134700
130500
127099
130301
139000
190401
153900
147901
144500
129000
123501
120300
115700
120301
132999
116499
116500
117500
116799
122000
120100
116800
117901
117900
117299
140600
117300
117301
127200
140400
120099
117000
116900
128401
117801
117299
117400
117600
121799
129300
118000
118401
128700
129801
121300
118699
121700
122100
126101
125599
121800
121400
129800
225801
206800
141999
158800
142001
176200
154700
124299
185000
127200
142499
172599
178399
176099
175399
193801
136599
130901
119999
119499
129000
118599
118499
132201
118600
132500
119199
118500
134100
138100
129900
113900
119300
118399
261700
176800
132200
120001
117101
131299
117501
120100
118100
118301
122000
122200
156499
119900
117501
137500
132801
144301
129100
119501
139100
123400
118900
134000
119500
126900
115501
119200
119200
120000
134699
123500
143199
130599
119400
128100
119100
118099
118699
118601
122800
123001
118899
119300
116101
141201
218999
122700
124800
119300
143000
120700
131901
